4, channel 4 SRF extracted from AHI-8_SpectralResponsivity_Data.xlsx (release Sept 2013)
Number of data points:
1336
Wavenumber (cm-1)   Filter response
    10990.000000       0.000020
    10991.000000       0.000023
    10992.000000       0.000028
    10993.000000       0.000033
    10994.000000       0.000039
    10995.000000       0.000045
    10996.000000       0.000052
    10997.000000       0.000058
    10998.000000       0.000065
    10999.000000       0.000072
    11000.000000       0.000079
    11001.000000       0.000085
    11002.000000       0.000092
    11003.000000       0.000100
    11004.000000       0.000108
    11005.000000       0.000118
    11006.000000       0.000127
    11007.000000       0.000136
    11008.000000       0.000145
    11009.000000       0.000152
    11010.000000       0.000159
    11011.000000       0.000165
    11012.000000       0.000168
    11013.000000       0.000170
    11014.000000       0.000170
    11015.000000       0.000170
    11016.000000       0.000170
    11017.000000       0.000170
    11018.000000       0.000170
    11019.000000       0.000170
    11020.000000       0.000170
    11021.000000       0.000170
    11022.000000       0.000170
    11023.000000       0.000170
    11024.000000       0.000170
    11025.000000       0.000169
    11026.000000       0.000169
    11027.000000       0.000166
    11028.000000       0.000160
    11029.000000       0.000152
    11030.000000       0.000144
    11031.000000       0.000134
    11032.000000       0.000124
    11033.000000       0.000113
    11034.000000       0.000104
    11035.000000       0.000095
    11036.000000       0.000087
    11037.000000       0.000081
    11038.000000       0.000078
    11039.000000       0.000074
    11040.000000       0.000071
    11041.000000       0.000068
    11042.000000       0.000065
    11043.000000       0.000062
    11044.000000       0.000060
    11045.000000       0.000057
    11046.000000       0.000055
    11047.000000       0.000054
    11048.000000       0.000053
    11049.000000       0.000052
    11050.000000       0.000052
    11051.000000       0.000054
    11052.000000       0.000058
    11053.000000       0.000063
    11054.000000       0.000070
    11055.000000       0.000078
    11056.000000       0.000086
    11057.000000       0.000095
    11058.000000       0.000104
    11059.000000       0.000113
    11060.000000       0.000121
    11061.000000       0.000129
    11062.000000       0.000135
    11063.000000       0.000141
    11064.000000       0.000147
    11065.000000       0.000153
    11066.000000       0.000159
    11067.000000       0.000165
    11068.000000       0.000171
    11069.000000       0.000176
    11070.000000       0.000180
    11071.000000       0.000184
    11072.000000       0.000188
    11073.000000       0.000190
    11074.000000       0.000191
    11075.000000       0.000190
    11076.000000       0.000189
    11077.000000       0.000187
    11078.000000       0.000184
    11079.000000       0.000180
    11080.000000       0.000176
    11081.000000       0.000172
    11082.000000       0.000168
    11083.000000       0.000164
    11084.000000       0.000160
    11085.000000       0.000156
    11086.000000       0.000153
    11087.000000       0.000151
    11088.000000       0.000149
    11089.000000       0.000146
    11090.000000       0.000144
    11091.000000       0.000142
    11092.000000       0.000139
    11093.000000       0.000137
    11094.000000       0.000135
    11095.000000       0.000134
    11096.000000       0.000133
    11097.000000       0.000132
    11098.000000       0.000131
    11099.000000       0.000131
    11100.000000       0.000132
    11101.000000       0.000135
    11102.000000       0.000139
    11103.000000       0.000144
    11104.000000       0.000150
    11105.000000       0.000156
    11106.000000       0.000161
    11107.000000       0.000167
    11108.000000       0.000172
    11109.000000       0.000176
    11110.000000       0.000178
    11111.000000       0.000179
    11112.000000       0.000179
    11113.000000       0.000179
    11114.000000       0.000179
    11115.000000       0.000179
    11116.000000       0.000178
    11117.000000       0.000178
    11118.000000       0.000177
    11119.000000       0.000176
    11120.000000       0.000175
    11121.000000       0.000174
    11122.000000       0.000173
    11123.000000       0.000172
    11124.000000       0.000171
    11125.000000       0.000167
    11126.000000       0.000161
    11127.000000       0.000154
    11128.000000       0.000145
    11129.000000       0.000135
    11130.000000       0.000126
    11131.000000       0.000116
    11132.000000       0.000108
    11133.000000       0.000100
    11134.000000       0.000094
    11135.000000       0.000091
    11136.000000       0.000089
    11137.000000       0.000090
    11138.000000       0.000090
    11139.000000       0.000090
    11140.000000       0.000090
    11141.000000       0.000090
    11142.000000       0.000091
    11143.000000       0.000091
    11144.000000       0.000092
    11145.000000       0.000092
    11146.000000       0.000093
    11147.000000       0.000093
    11148.000000       0.000094
    11149.000000       0.000096
    11150.000000       0.000100
    11151.000000       0.000108
    11152.000000       0.000118
    11153.000000       0.000130
    11154.000000       0.000143
    11155.000000       0.000158
    11156.000000       0.000172
    11157.000000       0.000187
    11158.000000       0.000201
    11159.000000       0.000214
    11160.000000       0.000225
    11161.000000       0.000234
    11162.000000       0.000243
    11163.000000       0.000252
    11164.000000       0.000260
    11165.000000       0.000269
    11166.000000       0.000277
    11167.000000       0.000285
    11168.000000       0.000292
    11169.000000       0.000299
    11170.000000       0.000306
    11171.000000       0.000312
    11172.000000       0.000317
    11173.000000       0.000322
    11174.000000       0.000327
    11175.000000       0.000330
    11176.000000       0.000334
    11177.000000       0.000337
    11178.000000       0.000340
    11179.000000       0.000342
    11180.000000       0.000345
    11181.000000       0.000348
    11182.000000       0.000350
    11183.000000       0.000353
    11184.000000       0.000357
    11185.000000       0.000360
    11186.000000       0.000365
    11187.000000       0.000369
    11188.000000       0.000374
    11189.000000       0.000380
    11190.000000       0.000386
    11191.000000       0.000392
    11192.000000       0.000398
    11193.000000       0.000405
    11194.000000       0.000412
    11195.000000       0.000420
    11196.000000       0.000427
    11197.000000       0.000435
    11198.000000       0.000443
    11199.000000       0.000451
    11200.000000       0.000459
    11201.000000       0.000467
    11202.000000       0.000475
    11203.000000       0.000483
    11204.000000       0.000492
    11205.000000       0.000501
    11206.000000       0.000512
    11207.000000       0.000523
    11208.000000       0.000535
    11209.000000       0.000549
    11210.000000       0.000564
    11211.000000       0.000581
    11212.000000       0.000603
    11213.000000       0.000630
    11214.000000       0.000663
    11215.000000       0.000700
    11216.000000       0.000743
    11217.000000       0.000790
    11218.000000       0.000842
    11219.000000       0.000898
    11220.000000       0.000959
    11221.000000       0.001024
    11222.000000       0.001092
    11223.000000       0.001164
    11224.000000       0.001246
    11225.000000       0.001356
    11226.000000       0.001491
    11227.000000       0.001647
    11228.000000       0.001820
    11229.000000       0.002005
    11230.000000       0.002197
    11231.000000       0.002392
    11232.000000       0.002585
    11233.000000       0.002773
    11234.000000       0.002950
    11235.000000       0.003112
    11236.000000       0.003254
    11237.000000       0.003382
    11238.000000       0.003502
    11239.000000       0.003616
    11240.000000       0.003726
    11241.000000       0.003831
    11242.000000       0.003935
    11243.000000       0.004037
    11244.000000       0.004140
    11245.000000       0.004244
    11246.000000       0.004352
    11247.000000       0.004463
    11248.000000       0.004580
    11249.000000       0.004703
    11250.000000       0.004824
    11251.000000       0.004945
    11252.000000       0.005065
    11253.000000       0.005187
    11254.000000       0.005311
    11255.000000       0.005440
    11256.000000       0.005575
    11257.000000       0.005717
    11258.000000       0.005868
    11259.000000       0.006029
    11260.000000       0.006202
    11261.000000       0.006387
    11262.000000       0.006591
    11263.000000       0.006822
    11264.000000       0.007079
    11265.000000       0.007359
    11266.000000       0.007661
    11267.000000       0.007981
    11268.000000       0.008319
    11269.000000       0.008671
    11270.000000       0.009035
    11271.000000       0.009410
    11272.000000       0.009792
    11273.000000       0.010181
    11274.000000       0.010573
    11275.000000       0.010978
    11276.000000       0.011405
    11277.000000       0.011853
    11278.000000       0.012318
    11279.000000       0.012801
    11280.000000       0.013299
    11281.000000       0.013811
    11282.000000       0.014335
    11283.000000       0.014870
    11284.000000       0.015414
    11285.000000       0.015965
    11286.000000       0.016523
    11287.000000       0.017085
    11288.000000       0.017662
    11289.000000       0.018256
    11290.000000       0.018865
    11291.000000       0.019489
    11292.000000       0.020125
    11293.000000       0.020773
    11294.000000       0.021430
    11295.000000       0.022096
    11296.000000       0.022770
    11297.000000       0.023449
    11298.000000       0.024132
    11299.000000       0.024819
    11300.000000       0.025506
    11301.000000       0.026193
    11302.000000       0.026881
    11303.000000       0.027572
    11304.000000       0.028270
    11305.000000       0.028976
    11306.000000       0.029694
    11307.000000       0.030425
    11308.000000       0.031173
    11309.000000       0.031939
    11310.000000       0.032727
    11311.000000       0.033539
    11312.000000       0.034378
    11313.000000       0.035245
    11314.000000       0.036141
    11315.000000       0.037066
    11316.000000       0.038019
    11317.000000       0.038998
    11318.000000       0.040002
    11319.000000       0.041031
    11320.000000       0.042084
    11321.000000       0.043159
    11322.000000       0.044256
    11323.000000       0.045374
    11324.000000       0.046512
    11325.000000       0.047669
    11326.000000       0.048839
    11327.000000       0.050020
    11328.000000       0.051218
    11329.000000       0.052437
    11330.000000       0.053684
    11331.000000       0.054964
    11332.000000       0.056282
    11333.000000       0.057644
    11334.000000       0.059054
    11335.000000       0.060519
    11336.000000       0.062044
    11337.000000       0.063634
    11338.000000       0.065294
    11339.000000       0.067050
    11340.000000       0.068910
    11341.000000       0.070868
    11342.000000       0.072919
    11343.000000       0.075058
    11344.000000       0.077278
    11345.000000       0.079574
    11346.000000       0.081941
    11347.000000       0.084372
    11348.000000       0.086863
    11349.000000       0.089407
    11350.000000       0.091998
    11351.000000       0.094636
    11352.000000       0.097376
    11353.000000       0.100235
    11354.000000       0.103202
    11355.000000       0.106269
    11356.000000       0.109426
    11357.000000       0.112663
    11358.000000       0.115970
    11359.000000       0.119338
    11360.000000       0.122758
    11361.000000       0.126219
    11362.000000       0.129713
    11363.000000       0.133230
    11364.000000       0.136765
    11365.000000       0.140367
    11366.000000       0.144044
    11367.000000       0.147792
    11368.000000       0.151603
    11369.000000       0.155473
    11370.000000       0.159395
    11371.000000       0.163364
    11372.000000       0.167373
    11373.000000       0.171417
    11374.000000       0.175490
    11375.000000       0.179586
    11376.000000       0.183699
    11377.000000       0.187829
    11378.000000       0.192008
    11379.000000       0.196239
    11380.000000       0.200517
    11381.000000       0.204837
    11382.000000       0.209194
    11383.000000       0.213582
    11384.000000       0.217996
    11385.000000       0.222430
    11386.000000       0.226880
    11387.000000       0.231340
    11388.000000       0.235805
    11389.000000       0.240270
    11390.000000       0.244734
    11391.000000       0.249227
    11392.000000       0.253747
    11393.000000       0.258292
    11394.000000       0.262856
    11395.000000       0.267435
    11396.000000       0.272023
    11397.000000       0.276615
    11398.000000       0.281207
    11399.000000       0.285794
    11400.000000       0.290371
    11401.000000       0.294934
    11402.000000       0.299477
    11403.000000       0.303998
    11404.000000       0.308511
    11405.000000       0.313018
    11406.000000       0.317520
    11407.000000       0.322016
    11408.000000       0.326506
    11409.000000       0.330991
    11410.000000       0.335469
    11411.000000       0.339941
    11412.000000       0.344407
    11413.000000       0.348868
    11414.000000       0.353322
    11415.000000       0.357769
    11416.000000       0.362211
    11417.000000       0.366646
    11418.000000       0.371075
    11419.000000       0.375498
    11420.000000       0.379915
    11421.000000       0.384327
    11422.000000       0.388732
    11423.000000       0.393131
    11424.000000       0.397525
    11425.000000       0.401912
    11426.000000       0.406294
    11427.000000       0.410671
    11428.000000       0.415041
    11429.000000       0.419405
    11430.000000       0.423750
    11431.000000       0.428078
    11432.000000       0.432393
    11433.000000       0.436698
    11434.000000       0.440998
    11435.000000       0.445297
    11436.000000       0.449598
    11437.000000       0.453906
    11438.000000       0.458224
    11439.000000       0.462556
    11440.000000       0.466906
    11441.000000       0.471279
    11442.000000       0.475677
    11443.000000       0.480090
    11444.000000       0.484514
    11445.000000       0.488949
    11446.000000       0.493396
    11447.000000       0.497856
    11448.000000       0.502327
    11449.000000       0.506811
    11450.000000       0.511307
    11451.000000       0.515816
    11452.000000       0.520337
    11453.000000       0.524871
    11454.000000       0.529419
    11455.000000       0.533980
    11456.000000       0.538546
    11457.000000       0.543118
    11458.000000       0.547698
    11459.000000       0.552288
    11460.000000       0.556891
    11461.000000       0.561510
    11462.000000       0.566146
    11463.000000       0.570803
    11464.000000       0.575482
    11465.000000       0.580187
    11466.000000       0.584919
    11467.000000       0.589682
    11468.000000       0.594478
    11469.000000       0.599324
    11470.000000       0.604224
    11471.000000       0.609168
    11472.000000       0.614150
    11473.000000       0.619159
    11474.000000       0.624188
    11475.000000       0.629229
    11476.000000       0.634271
    11477.000000       0.639309
    11478.000000       0.644331
    11479.000000       0.649331
    11480.000000       0.654300
    11481.000000       0.659229
    11482.000000       0.664131
    11483.000000       0.669026
    11484.000000       0.673914
    11485.000000       0.678792
    11486.000000       0.683661
    11487.000000       0.688517
    11488.000000       0.693360
    11489.000000       0.698188
    11490.000000       0.703000
    11491.000000       0.707794
    11492.000000       0.712570
    11493.000000       0.717324
    11494.000000       0.722057
    11495.000000       0.726764
    11496.000000       0.731440
    11497.000000       0.736089
    11498.000000       0.740715
    11499.000000       0.745322
    11500.000000       0.749914
    11501.000000       0.754494
    11502.000000       0.759067
    11503.000000       0.763636
    11504.000000       0.768205
    11505.000000       0.772779
    11506.000000       0.777361
    11507.000000       0.781955
    11508.000000       0.786564
    11509.000000       0.791183
    11510.000000       0.795809
    11511.000000       0.800440
    11512.000000       0.805074
    11513.000000       0.809708
    11514.000000       0.814340
    11515.000000       0.818968
    11516.000000       0.823589
    11517.000000       0.828203
    11518.000000       0.832805
    11519.000000       0.837395
    11520.000000       0.841970
    11521.000000       0.846526
    11522.000000       0.851052
    11523.000000       0.855549
    11524.000000       0.860022
    11525.000000       0.864479
    11526.000000       0.868926
    11527.000000       0.873369
    11528.000000       0.877816
    11529.000000       0.882272
    11530.000000       0.886744
    11531.000000       0.891239
    11532.000000       0.895764
    11533.000000       0.900324
    11534.000000       0.904926
    11535.000000       0.909679
    11536.000000       0.914660
    11537.000000       0.919808
    11538.000000       0.925065
    11539.000000       0.930370
    11540.000000       0.935664
    11541.000000       0.940889
    11542.000000       0.945983
    11543.000000       0.950888
    11544.000000       0.955546
    11545.000000       0.959895
    11546.000000       0.963879
    11547.000000       0.967436
    11548.000000       0.970643
    11549.000000       0.973892
    11550.000000       0.977169
    11551.000000       0.980420
    11552.000000       0.983592
    11553.000000       0.986634
    11554.000000       0.989493
    11555.000000       0.992116
    11556.000000       0.994450
    11557.000000       0.996445
    11558.000000       0.998046
    11559.000000       0.999203
    11560.000000       0.999862
    11561.000000       1.000000
    11562.000000       0.999995
    11563.000000       0.999984
    11564.000000       0.999968
    11565.000000       0.999945
    11566.000000       0.999917
    11567.000000       0.999884
    11568.000000       0.999845
    11569.000000       0.999801
    11570.000000       0.999751
    11571.000000       0.999696
    11572.000000       0.999636
    11573.000000       0.999571
    11574.000000       0.999501
    11575.000000       0.999307
    11576.000000       0.998851
    11577.000000       0.998162
    11578.000000       0.997271
    11579.000000       0.996209
    11580.000000       0.995007
    11581.000000       0.993695
    11582.000000       0.992304
    11583.000000       0.990865
    11584.000000       0.989408
    11585.000000       0.987964
    11586.000000       0.986563
    11587.000000       0.985236
    11588.000000       0.983993
    11589.000000       0.982739
    11590.000000       0.981459
    11591.000000       0.980154
    11592.000000       0.978826
    11593.000000       0.977476
    11594.000000       0.976107
    11595.000000       0.974719
    11596.000000       0.973314
    11597.000000       0.971894
    11598.000000       0.970460
    11599.000000       0.969014
    11600.000000       0.967558
    11601.000000       0.966092
    11602.000000       0.964602
    11603.000000       0.963078
    11604.000000       0.961525
    11605.000000       0.959949
    11606.000000       0.958354
    11607.000000       0.956744
    11608.000000       0.955126
    11609.000000       0.953504
    11610.000000       0.951882
    11611.000000       0.950267
    11612.000000       0.948662
    11613.000000       0.947072
    11614.000000       0.945504
    11615.000000       0.943955
    11616.000000       0.942411
    11617.000000       0.940870
    11618.000000       0.939333
    11619.000000       0.937800
    11620.000000       0.936272
    11621.000000       0.934750
    11622.000000       0.933235
    11623.000000       0.931727
    11624.000000       0.930227
    11625.000000       0.928736
    11626.000000       0.927255
    11627.000000       0.925784
    11628.000000       0.924323
    11629.000000       0.922861
    11630.000000       0.921390
    11631.000000       0.919915
    11632.000000       0.918441
    11633.000000       0.916973
    11634.000000       0.915516
    11635.000000       0.914073
    11636.000000       0.912652
    11637.000000       0.911255
    11638.000000       0.909888
    11639.000000       0.908555
    11640.000000       0.907262
    11641.000000       0.906013
    11642.000000       0.904806
    11643.000000       0.903620
    11644.000000       0.902450
    11645.000000       0.901300
    11646.000000       0.900170
    11647.000000       0.899062
    11648.000000       0.897978
    11649.000000       0.896919
    11650.000000       0.895887
    11651.000000       0.894884
    11652.000000       0.893911
    11653.000000       0.892970
    11654.000000       0.892062
    11655.000000       0.891189
    11656.000000       0.890345
    11657.000000       0.889525
    11658.000000       0.888726
    11659.000000       0.887948
    11660.000000       0.887190
    11661.000000       0.886452
    11662.000000       0.885734
    11663.000000       0.885033
    11664.000000       0.884350
    11665.000000       0.883683
    11666.000000       0.883033
    11667.000000       0.882398
    11668.000000       0.881777
    11669.000000       0.881170
    11670.000000       0.880568
    11671.000000       0.879973
    11672.000000       0.879385
    11673.000000       0.878806
    11674.000000       0.878240
    11675.000000       0.877687
    11676.000000       0.877151
    11677.000000       0.876632
    11678.000000       0.876133
    11679.000000       0.875656
    11680.000000       0.875203
    11681.000000       0.874776
    11682.000000       0.874377
    11683.000000       0.874005
    11684.000000       0.873654
    11685.000000       0.873321
    11686.000000       0.873004
    11687.000000       0.872700
    11688.000000       0.872408
    11689.000000       0.872126
    11690.000000       0.871851
    11691.000000       0.871580
    11692.000000       0.871313
    11693.000000       0.871046
    11694.000000       0.870778
    11695.000000       0.870506
    11696.000000       0.870228
    11697.000000       0.869928
    11698.000000       0.869601
    11699.000000       0.869256
    11700.000000       0.868901
    11701.000000       0.868544
    11702.000000       0.868193
    11703.000000       0.867857
    11704.000000       0.867543
    11705.000000       0.867260
    11706.000000       0.867016
    11707.000000       0.866819
    11708.000000       0.866677
    11709.000000       0.866599
    11710.000000       0.866590
    11711.000000       0.866650
    11712.000000       0.866772
    11713.000000       0.866949
    11714.000000       0.867177
    11715.000000       0.867449
    11716.000000       0.867760
    11717.000000       0.868105
    11718.000000       0.868477
    11719.000000       0.868872
    11720.000000       0.869284
    11721.000000       0.869706
    11722.000000       0.870134
    11723.000000       0.870562
    11724.000000       0.870998
    11725.000000       0.871481
    11726.000000       0.872013
    11727.000000       0.872591
    11728.000000       0.873215
    11729.000000       0.873882
    11730.000000       0.874591
    11731.000000       0.875340
    11732.000000       0.876127
    11733.000000       0.876950
    11734.000000       0.877808
    11735.000000       0.878699
    11736.000000       0.879621
    11737.000000       0.880572
    11738.000000       0.881607
    11739.000000       0.882790
    11740.000000       0.884102
    11741.000000       0.885521
    11742.000000       0.887025
    11743.000000       0.888595
    11744.000000       0.890209
    11745.000000       0.891846
    11746.000000       0.893485
    11747.000000       0.895106
    11748.000000       0.896687
    11749.000000       0.898208
    11750.000000       0.899648
    11751.000000       0.900986
    11752.000000       0.902280
    11753.000000       0.903571
    11754.000000       0.904854
    11755.000000       0.906124
    11756.000000       0.907377
    11757.000000       0.908608
    11758.000000       0.909813
    11759.000000       0.910987
    11760.000000       0.912126
    11761.000000       0.913224
    11762.000000       0.914278
    11763.000000       0.915282
    11764.000000       0.916232
    11765.000000       0.917127
    11766.000000       0.918011
    11767.000000       0.918894
    11768.000000       0.919769
    11769.000000       0.920628
    11770.000000       0.921465
    11771.000000       0.922272
    11772.000000       0.923043
    11773.000000       0.923769
    11774.000000       0.924445
    11775.000000       0.925062
    11776.000000       0.925614
    11777.000000       0.926094
    11778.000000       0.926494
    11779.000000       0.926816
    11780.000000       0.927119
    11781.000000       0.927415
    11782.000000       0.927700
    11783.000000       0.927973
    11784.000000       0.928230
    11785.000000       0.928469
    11786.000000       0.928687
    11787.000000       0.928881
    11788.000000       0.929050
    11789.000000       0.929189
    11790.000000       0.929298
    11791.000000       0.929372
    11792.000000       0.929409
    11793.000000       0.929400
    11794.000000       0.929311
    11795.000000       0.929142
    11796.000000       0.928900
    11797.000000       0.928589
    11798.000000       0.928215
    11799.000000       0.927784
    11800.000000       0.927302
    11801.000000       0.926773
    11802.000000       0.926205
    11803.000000       0.925601
    11804.000000       0.924969
    11805.000000       0.924312
    11806.000000       0.923638
    11807.000000       0.922913
    11808.000000       0.922002
    11809.000000       0.920907
    11810.000000       0.919642
    11811.000000       0.918224
    11812.000000       0.916667
    11813.000000       0.914987
    11814.000000       0.913200
    11815.000000       0.911320
    11816.000000       0.909363
    11817.000000       0.907344
    11818.000000       0.905279
    11819.000000       0.903183
    11820.000000       0.901071
    11821.000000       0.898913
    11822.000000       0.896581
    11823.000000       0.894080
    11824.000000       0.891426
    11825.000000       0.888637
    11826.000000       0.885728
    11827.000000       0.882717
    11828.000000       0.879620
    11829.000000       0.876453
    11830.000000       0.873233
    11831.000000       0.869976
    11832.000000       0.866699
    11833.000000       0.863419
    11834.000000       0.860150
    11835.000000       0.856885
    11836.000000       0.853554
    11837.000000       0.850156
    11838.000000       0.846696
    11839.000000       0.843180
    11840.000000       0.839611
    11841.000000       0.835996
    11842.000000       0.832339
    11843.000000       0.828644
    11844.000000       0.824917
    11845.000000       0.821163
    11846.000000       0.817387
    11847.000000       0.813593
    11848.000000       0.809787
    11849.000000       0.805963
    11850.000000       0.802091
    11851.000000       0.798175
    11852.000000       0.794218
    11853.000000       0.790224
    11854.000000       0.786197
    11855.000000       0.782142
    11856.000000       0.778064
    11857.000000       0.773965
    11858.000000       0.769851
    11859.000000       0.765726
    11860.000000       0.761594
    11861.000000       0.757459
    11862.000000       0.753325
    11863.000000       0.749194
    11864.000000       0.745057
    11865.000000       0.740912
    11866.000000       0.736756
    11867.000000       0.732589
    11868.000000       0.728409
    11869.000000       0.724214
    11870.000000       0.720004
    11871.000000       0.715776
    11872.000000       0.711530
    11873.000000       0.707264
    11874.000000       0.702976
    11875.000000       0.698666
    11876.000000       0.694331
    11877.000000       0.689969
    11878.000000       0.685580
    11879.000000       0.681163
    11880.000000       0.676721
    11881.000000       0.672256
    11882.000000       0.667770
    11883.000000       0.663263
    11884.000000       0.658739
    11885.000000       0.654200
    11886.000000       0.649646
    11887.000000       0.645079
    11888.000000       0.640503
    11889.000000       0.635918
    11890.000000       0.631326
    11891.000000       0.626727
    11892.000000       0.622109
    11893.000000       0.617470
    11894.000000       0.612812
    11895.000000       0.608138
    11896.000000       0.603451
    11897.000000       0.598752
    11898.000000       0.594044
    11899.000000       0.589330
    11900.000000       0.584612
    11901.000000       0.579893
    11902.000000       0.575174
    11903.000000       0.570459
    11904.000000       0.565750
    11905.000000       0.561049
    11906.000000       0.556360
    11907.000000       0.551680
    11908.000000       0.547007
    11909.000000       0.542336
    11910.000000       0.537666
    11911.000000       0.532993
    11912.000000       0.528314
    11913.000000       0.523626
    11914.000000       0.518926
    11915.000000       0.514210
    11916.000000       0.509476
    11917.000000       0.504720
    11918.000000       0.499940
    11919.000000       0.495132
    11920.000000       0.490291
    11921.000000       0.485418
    11922.000000       0.480517
    11923.000000       0.475592
    11924.000000       0.470647
    11925.000000       0.465687
    11926.000000       0.460715
    11927.000000       0.455737
    11928.000000       0.450755
    11929.000000       0.445775
    11930.000000       0.440801
    11931.000000       0.435836
    11932.000000       0.430885
    11933.000000       0.425952
    11934.000000       0.421034
    11935.000000       0.416116
    11936.000000       0.411199
    11937.000000       0.406284
    11938.000000       0.401371
    11939.000000       0.396462
    11940.000000       0.391556
    11941.000000       0.386655
    11942.000000       0.381759
    11943.000000       0.376869
    11944.000000       0.371986
    11945.000000       0.367109
    11946.000000       0.362240
    11947.000000       0.357380
    11948.000000       0.352529
    11949.000000       0.347687
    11950.000000       0.342854
    11951.000000       0.338029
    11952.000000       0.333211
    11953.000000       0.328399
    11954.000000       0.323593
    11955.000000       0.318791
    11956.000000       0.313993
    11957.000000       0.309199
    11958.000000       0.304407
    11959.000000       0.299616
    11960.000000       0.294826
    11961.000000       0.290036
    11962.000000       0.285244
    11963.000000       0.280427
    11964.000000       0.275583
    11965.000000       0.270720
    11966.000000       0.265847
    11967.000000       0.260973
    11968.000000       0.256104
    11969.000000       0.251251
    11970.000000       0.246422
    11971.000000       0.241624
    11972.000000       0.236866
    11973.000000       0.232157
    11974.000000       0.227504
    11975.000000       0.222917
    11976.000000       0.218403
    11977.000000       0.213951
    11978.000000       0.209541
    11979.000000       0.205171
    11980.000000       0.200840
    11981.000000       0.196548
    11982.000000       0.192292
    11983.000000       0.188073
    11984.000000       0.183889
    11985.000000       0.179738
    11986.000000       0.175620
    11987.000000       0.171534
    11988.000000       0.167479
    11989.000000       0.163453
    11990.000000       0.159455
    11991.000000       0.155477
    11992.000000       0.151489
    11993.000000       0.147497
    11994.000000       0.143511
    11995.000000       0.139541
    11996.000000       0.135598
    11997.000000       0.131692
    11998.000000       0.127833
    11999.000000       0.124032
    12000.000000       0.120298
    12001.000000       0.116643
    12002.000000       0.113075
    12003.000000       0.109605
    12004.000000       0.106244
    12005.000000       0.103000
    12006.000000       0.099819
    12007.000000       0.096675
    12008.000000       0.093576
    12009.000000       0.090525
    12010.000000       0.087528
    12011.000000       0.084591
    12012.000000       0.081720
    12013.000000       0.078919
    12014.000000       0.076194
    12015.000000       0.073551
    12016.000000       0.070994
    12017.000000       0.068530
    12018.000000       0.066163
    12019.000000       0.063900
    12020.000000       0.061724
    12021.000000       0.059595
    12022.000000       0.057512
    12023.000000       0.055478
    12024.000000       0.053496
    12025.000000       0.051567
    12026.000000       0.049695
    12027.000000       0.047881
    12028.000000       0.046128
    12029.000000       0.044438
    12030.000000       0.042814
    12031.000000       0.041258
    12032.000000       0.039772
    12033.000000       0.038360
    12034.000000       0.037020
    12035.000000       0.035726
    12036.000000       0.034469
    12037.000000       0.033248
    12038.000000       0.032065
    12039.000000       0.030919
    12040.000000       0.029812
    12041.000000       0.028743
    12042.000000       0.027714
    12043.000000       0.026725
    12044.000000       0.025776
    12045.000000       0.024869
    12046.000000       0.024002
    12047.000000       0.023177
    12048.000000       0.022395
    12049.000000       0.021647
    12050.000000       0.020916
    12051.000000       0.020203
    12052.000000       0.019510
    12053.000000       0.018838
    12054.000000       0.018189
    12055.000000       0.017564
    12056.000000       0.016965
    12057.000000       0.016392
    12058.000000       0.015849
    12059.000000       0.015336
    12060.000000       0.014854
    12061.000000       0.014405
    12062.000000       0.013991
    12063.000000       0.013612
    12064.000000       0.013254
    12065.000000       0.012911
    12066.000000       0.012582
    12067.000000       0.012267
    12068.000000       0.011966
    12069.000000       0.011679
    12070.000000       0.011405
    12071.000000       0.011144
    12072.000000       0.010896
    12073.000000       0.010661
    12074.000000       0.010437
    12075.000000       0.010226
    12076.000000       0.010026
    12077.000000       0.009838
    12078.000000       0.009660
    12079.000000       0.009492
    12080.000000       0.009333
    12081.000000       0.009182
    12082.000000       0.009038
    12083.000000       0.008901
    12084.000000       0.008768
    12085.000000       0.008641
    12086.000000       0.008517
    12087.000000       0.008396
    12088.000000       0.008277
    12089.000000       0.008160
    12090.000000       0.008043
    12091.000000       0.007925
    12092.000000       0.007806
    12093.000000       0.007688
    12094.000000       0.007573
    12095.000000       0.007461
    12096.000000       0.007350
    12097.000000       0.007242
    12098.000000       0.007135
    12099.000000       0.007029
    12100.000000       0.006924
    12101.000000       0.006820
    12102.000000       0.006716
    12103.000000       0.006612
    12104.000000       0.006509
    12105.000000       0.006404
    12106.000000       0.006299
    12107.000000       0.006192
    12108.000000       0.006085
    12109.000000       0.005978
    12110.000000       0.005870
    12111.000000       0.005763
    12112.000000       0.005655
    12113.000000       0.005548
    12114.000000       0.005441
    12115.000000       0.005334
    12116.000000       0.005229
    12117.000000       0.005124
    12118.000000       0.005020
    12119.000000       0.004918
    12120.000000       0.004817
    12121.000000       0.004718
    12122.000000       0.004620
    12123.000000       0.004522
    12124.000000       0.004423
    12125.000000       0.004324
    12126.000000       0.004226
    12127.000000       0.004129
    12128.000000       0.004033
    12129.000000       0.003939
    12130.000000       0.003846
    12131.000000       0.003755
    12132.000000       0.003667
    12133.000000       0.003582
    12134.000000       0.003500
    12135.000000       0.003422
    12136.000000       0.003347
    12137.000000       0.003276
    12138.000000       0.003209
    12139.000000       0.003144
    12140.000000       0.003081
    12141.000000       0.003020
    12142.000000       0.002961
    12143.000000       0.002903
    12144.000000       0.002846
    12145.000000       0.002790
    12146.000000       0.002733
    12147.000000       0.002677
    12148.000000       0.002619
    12149.000000       0.002561
    12150.000000       0.002501
    12151.000000       0.002440
    12152.000000       0.002378
    12153.000000       0.002316
    12154.000000       0.002254
    12155.000000       0.002192
    12156.000000       0.002130
    12157.000000       0.002068
    12158.000000       0.002005
    12159.000000       0.001942
    12160.000000       0.001879
    12161.000000       0.001815
    12162.000000       0.001751
    12163.000000       0.001687
    12164.000000       0.001622
    12165.000000       0.001556
    12166.000000       0.001489
    12167.000000       0.001415
    12168.000000       0.001335
    12169.000000       0.001251
    12170.000000       0.001164
    12171.000000       0.001076
    12172.000000       0.000988
    12173.000000       0.000903
    12174.000000       0.000822
    12175.000000       0.000746
    12176.000000       0.000678
    12177.000000       0.000618
    12178.000000       0.000569
    12179.000000       0.000533
    12180.000000       0.000510
    12181.000000       0.000499
    12182.000000       0.000489
    12183.000000       0.000481
    12184.000000       0.000474
    12185.000000       0.000468
    12186.000000       0.000463
    12187.000000       0.000458
    12188.000000       0.000453
    12189.000000       0.000449
    12190.000000       0.000445
    12191.000000       0.000441
    12192.000000       0.000436
    12193.000000       0.000431
    12194.000000       0.000425
    12195.000000       0.000418
    12196.000000       0.000411
    12197.000000       0.000403
    12198.000000       0.000395
    12199.000000       0.000387
    12200.000000       0.000378
    12201.000000       0.000370
    12202.000000       0.000361
    12203.000000       0.000351
    12204.000000       0.000342
    12205.000000       0.000332
    12206.000000       0.000322
    12207.000000       0.000312
    12208.000000       0.000302
    12209.000000       0.000292
    12210.000000       0.000281
    12211.000000       0.000270
    12212.000000       0.000256
    12213.000000       0.000242
    12214.000000       0.000226
    12215.000000       0.000210
    12216.000000       0.000194
    12217.000000       0.000177
    12218.000000       0.000161
    12219.000000       0.000146
    12220.000000       0.000132
    12221.000000       0.000120
    12222.000000       0.000109
    12223.000000       0.000100
    12224.000000       0.000094
    12225.000000       0.000091
    12226.000000       0.000090
    12227.000000       0.000088
    12228.000000       0.000087
    12229.000000       0.000085
    12230.000000       0.000084
    12231.000000       0.000083
    12232.000000       0.000082
    12233.000000       0.000081
    12234.000000       0.000080
    12235.000000       0.000079
    12236.000000       0.000078
    12237.000000       0.000078
    12238.000000       0.000078
    12239.000000       0.000077
    12240.000000       0.000077
    12241.000000       0.000079
    12242.000000       0.000082
    12243.000000       0.000087
    12244.000000       0.000093
    12245.000000       0.000100
    12246.000000       0.000108
    12247.000000       0.000116
    12248.000000       0.000124
    12249.000000       0.000132
    12250.000000       0.000140
    12251.000000       0.000147
    12252.000000       0.000153
    12253.000000       0.000157
    12254.000000       0.000160
    12255.000000       0.000161
    12256.000000       0.000161
    12257.000000       0.000160
    12258.000000       0.000158
    12259.000000       0.000155
    12260.000000       0.000152
    12261.000000       0.000149
    12262.000000       0.000145
    12263.000000       0.000141
    12264.000000       0.000136
    12265.000000       0.000132
    12266.000000       0.000127
    12267.000000       0.000122
    12268.000000       0.000118
    12269.000000       0.000113
    12270.000000       0.000108
    12271.000000       0.000103
    12272.000000       0.000097
    12273.000000       0.000090
    12274.000000       0.000082
    12275.000000       0.000074
    12276.000000       0.000066
    12277.000000       0.000058
    12278.000000       0.000049
    12279.000000       0.000042
    12280.000000       0.000034
    12281.000000       0.000028
    12282.000000       0.000023
    12283.000000       0.000019
    12284.000000       0.000016
    12285.000000       0.000015
    12286.000000       0.000016
    12287.000000       0.000018
    12288.000000       0.000021
    12289.000000       0.000026
    12290.000000       0.000031
    12291.000000       0.000037
    12292.000000       0.000043
    12293.000000       0.000050
    12294.000000       0.000058
    12295.000000       0.000065
    12296.000000       0.000073
    12297.000000       0.000080
    12298.000000       0.000087
    12299.000000       0.000094
    12300.000000       0.000100
    12301.000000       0.000107
    12302.000000       0.000114
    12303.000000       0.000121
    12304.000000       0.000129
    12305.000000       0.000137
    12306.000000       0.000145
    12307.000000       0.000154
    12308.000000       0.000161
    12309.000000       0.000169
    12310.000000       0.000176
    12311.000000       0.000182
    12312.000000       0.000187
    12313.000000       0.000191
    12314.000000       0.000194
    12315.000000       0.000195
    12316.000000       0.000194
    12317.000000       0.000191
    12318.000000       0.000185
    12319.000000       0.000178
    12320.000000       0.000168
    12321.000000       0.000157
    12322.000000       0.000145
    12323.000000       0.000132
    12324.000000       0.000118
    12325.000000       0.000104
