/begin_header
/delimiter=space
/missing=-999
/fields=wave,xsec
/fields=wavelength,ko3
/units=nm,cm^-1
/end_header
 200.0 0.0000E+00
 201.0 0.0000E+00
 202.0 0.0000E+00
 203.0 0.0000E+00
 204.0 0.0000E+00
 205.0 0.0000E+00
 206.0 0.0000E+00
 207.0 0.0000E+00
 208.0 0.0000E+00
 209.0 0.0000E+00
 210.0 0.0000E+00
 211.0 0.0000E+00
 212.0 0.0000E+00
 213.0 0.0000E+00
 214.0 2.3362E+01
 215.0 2.6268E+01
 216.0 2.9832E+01
 217.0 3.3564E+01
 218.0 3.7817E+01
 219.0 4.2347E+01
 220.0 4.7517E+01
 221.0 5.2569E+01
 222.0 5.8529E+01
 223.0 6.4767E+01
 224.0 7.1485E+01
 225.0 7.8558E+01
 226.0 8.5864E+01
 227.0 9.3934E+01
 228.0 1.0204E+02
 229.0 1.1135E+02
 230.0 1.1938E+02
 231.0 1.2967E+02
 232.0 1.3813E+02
 233.0 1.4946E+02
 234.0 1.5777E+02
 235.0 1.6929E+02
 236.0 1.8037E+02
 237.0 1.8964E+02
 238.0 2.0051E+02
 239.0 2.0783E+02
 240.0 2.2247E+02
 241.0 2.2904E+02
 242.0 2.3912E+02
 243.0 2.4869E+02
 244.0 2.5762E+02
 245.0 2.6349E+02
 246.0 2.7352E+02
 247.0 2.7750E+02
 248.0 2.8530E+02
 249.0 2.9282E+02
 250.0 2.9754E+02
 251.0 2.9477E+02
 252.0 3.0530E+02
 253.0 3.0208E+02
 254.0 3.0442E+02
 255.0 3.0535E+02
 256.0 3.0481E+02
 257.0 2.9866E+02
 258.0 2.9747E+02
 259.0 3.0243E+02
 260.0 2.8411E+02
 261.0 2.9097E+02
 262.0 2.7904E+02
 263.0 2.7128E+02
 264.0 2.6774E+02
 265.0 2.5603E+02
 266.0 2.5253E+02
 267.0 2.3678E+02
 268.0 2.3277E+02
 269.0 2.1708E+02
 270.0 2.1570E+02
 271.0 1.9776E+02
 272.0 1.9258E+02
 273.0 1.8038E+02
 274.0 1.6534E+02
 275.0 1.5891E+02
 276.0 1.4642E+02
 277.0 1.3654E+02
 278.0 1.2581E+02
 279.0 1.1689E+02
 280.0 1.0911E+02
 281.0 9.8460E+01
 282.0 8.7972E+01
 283.0 8.1447E+01
 284.0 7.2914E+01
 285.0 6.6757E+01
 286.0 6.0331E+01
 287.0 5.4044E+01
 288.0 4.6975E+01
 289.0 4.2190E+01
 290.0 3.7463E+01
 291.0 3.3337E+01
 292.0 2.8647E+01
 293.0 2.5723E+01
 294.0 2.2000E+01
 295.0 1.9883E+01
 296.0 1.6936E+01
 297.0 1.4998E+01
 298.0 1.2662E+01
 299.0 1.1377E+01
 300.0 9.6868E+00
 301.0 8.4252E+00
 302.0 7.4120E+00
 303.0 6.2648E+00
 304.0 5.7133E+00
 305.0 4.7457E+00
 306.0 4.2264E+00
 307.0 3.6886E+00
 308.0 3.1707E+00
 309.0 2.8796E+00
 310.0 2.3056E+00
 311.0 2.1000E+00
 312.0 1.7973E+00
 313.0 1.5241E+00
 314.0 1.4455E+00
 315.0 1.1221E+00
 316.0 1.0606E+00
 317.0 8.6485E-01
 318.0 8.1737E-01
 319.0 5.4514E-01
 320.0 7.2941E-01
 321.0 3.8300E-01
 322.0 5.0868E-01
 323.0 4.4238E-01
 324.0 1.9196E-01
 325.0 4.2396E-01
 326.0 2.2045E-01
 327.0 1.2788E-01
 328.0 3.1737E-01
 329.0 1.0449E-01
 330.0 7.1160E-02
 331.0 1.5478E-01
 332.0 7.3333E-02
 333.0 5.5884E-02
 334.0 1.1558E-01
 335.0 3.8090E-02
 336.0 2.1983E-02
 337.0 4.5533E-02
 338.0 4.1053E-02
 339.0 1.5996E-02
 340.0 2.6888E-02
 341.0 1.8571E-02
 342.0 8.4483E-03
 343.0 9.1334E-03
 344.0 3.2466E-02
 345.0 1.1483E-02
 346.0 6.1673E-03
 347.0 4.7847E-03
 348.0 5.0326E-03
 349.0 2.2696E-03
 350.0 2.3530E-03
 351.0 2.4292E-03
 352.0 5.6773E-03
 353.0 2.3798E-03
 354.0 1.0775E-03
 355.0 1.4924E-03
 356.0 8.8167E-04
 357.0 1.0843E-03
 358.0 6.2777E-04
 359.0 5.2014E-04
 360.0 1.2091E-03
 361.0 6.0096E-04
 362.0 2.7837E-04
 363.0 1.9259E-04
 364.0 1.9677E-04
 365.0 3.3310E-04
 366.0 2.2824E-04
 367.0 1.0723E-04
 368.0 1.2455E-04
 369.0 2.0287E-04
 370.0 1.0512E-04
 371.0 7.8373E-05
 372.0 5.4762E-05
 373.0 3.9964E-05
 374.0 7.3437E-05
 375.0 7.5096E-05
 376.0 4.3287E-05
 377.0 5.0054E-05
 378.0 4.0384E-05
 379.0 3.4211E-05
 380.0 4.5517E-05
 381.0 5.7214E-05
 382.0 7.2185E-05
 383.0 6.8553E-05
 384.0 6.7373E-05
 385.0 6.0542E-05
 386.0 6.5347E-05
 387.0 7.9406E-05
 388.0 9.1203E-05
 389.0 1.1947E-04
 390.0 1.2733E-04
 391.0 1.1242E-04
 392.0 1.2768E-04
 393.0 1.5724E-04
 394.0 1.8080E-04
 395.0 2.1819E-04
 396.0 2.3258E-04
 397.0 2.1680E-04
 398.0 2.0131E-04
 399.0 2.0534E-04
 400.0 2.3989E-04
 401.0 2.7944E-04
 402.0 3.2885E-04
 403.0 3.4380E-04
 404.0 3.3725E-04
 405.0 3.3097E-04
 406.0 3.5091E-04
 407.0 4.3489E-04
 408.0 5.3329E-04
 409.0 6.2773E-04
 410.0 6.7041E-04
 411.0 6.5695E-04
 412.0 6.2123E-04
 413.0 5.7804E-04
 414.0 5.9743E-04
 415.0 6.7143E-04
 416.0 7.9014E-04
 417.0 8.8313E-04
 418.0 9.0990E-04
 419.0 8.9778E-04
 420.0 8.7994E-04
 421.0 9.4542E-04
 422.0 1.1121E-03
 423.0 1.3466E-03
 424.0 1.5953E-03
 425.0 1.7947E-03
 426.0 1.8483E-03
 427.0 1.7703E-03
 428.0 1.6471E-03
 429.0 1.5429E-03
 430.0 1.5491E-03
 431.0 1.7270E-03
 432.0 1.9890E-03
 433.0 2.1868E-03
 434.0 2.2292E-03
 435.0 2.1651E-03
 436.0 2.1257E-03
 437.0 2.2238E-03
 438.0 2.5190E-03
 439.0 2.9986E-03
 440.0 3.5528E-03
 441.0 4.0697E-03
 442.0 4.4763E-03
 443.0 4.6530E-03
 444.0 4.5221E-03
 445.0 4.1726E-03
 446.0 3.8826E-03
 447.0 3.7723E-03
 448.0 3.9529E-03
 449.0 4.3555E-03
 450.0 4.8744E-03
 451.0 5.1250E-03
 452.0 5.0917E-03
 453.0 4.9648E-03
 454.0 4.9549E-03
 455.0 5.1647E-03
 456.0 5.7847E-03
 457.0 6.6942E-03
 458.0 7.6391E-03
 459.0 8.7128E-03
 460.0 9.6906E-03
 461.0 1.0430E-02
 462.0 1.0654E-02
 463.0 1.0267E-02
 464.0 9.6146E-03
 465.0 8.9713E-03
 466.0 8.6036E-03
 467.0 8.7192E-03
 468.0 9.3782E-03
 469.0 1.0135E-02
 470.0 1.0633E-02
 471.0 1.0806E-02
 472.0 1.0747E-02
 473.0 1.0749E-02
 474.0 1.1006E-02
 475.0 1.1692E-02
 476.0 1.2859E-02
 477.0 1.4362E-02
 478.0 1.6102E-02
 479.0 1.7936E-02
 480.0 1.9793E-02
 481.0 2.1373E-02
 482.0 2.2300E-02
 483.0 2.2376E-02
 484.0 2.1744E-02
 485.0 2.0773E-02
 486.0 1.9895E-02
 487.0 1.9344E-02
 488.0 1.9412E-02
 489.0 2.0047E-02
 490.0 2.0954E-02
 491.0 2.1794E-02
 492.0 2.2254E-02
 493.0 2.2477E-02
 494.0 2.2639E-02
 495.0 2.2926E-02
 496.0 2.3636E-02
 497.0 2.4852E-02
 498.0 2.6624E-02
 499.0 2.8780E-02
 500.0 3.1240E-02
 501.0 3.3914E-02
 502.0 3.6652E-02
 503.0 3.9123E-02
 504.0 4.1207E-02
 505.0 4.2514E-02
 506.0 4.2978E-02
 507.0 4.2672E-02
 508.0 4.1885E-02
 509.0 4.0939E-02
 510.0 4.0229E-02
 511.0 3.9943E-02
 512.0 4.0225E-02
 513.0 4.0974E-02
 514.0 4.1992E-02
 515.0 4.3020E-02
 516.0 4.3994E-02
 517.0 4.4818E-02
 518.0 4.5580E-02
 519.0 4.6405E-02
 520.0 4.7369E-02
 521.0 4.8633E-02
 522.0 5.0215E-02
 523.0 5.2147E-02
 524.0 5.4427E-02
 525.0 5.6939E-02
 526.0 5.9574E-02
 527.0 6.2302E-02
 528.0 6.5022E-02
 529.0 6.7555E-02
 530.0 6.9916E-02
 531.0 7.1859E-02
 532.0 7.3365E-02
 533.0 7.4359E-02
 534.0 7.4818E-02
 535.0 7.4816E-02
 536.0 7.4604E-02
 537.0 7.4483E-02
 538.0 7.4630E-02
 539.0 7.5251E-02
 540.0 7.6346E-02
 541.0 7.7808E-02
 542.0 7.9411E-02
 543.0 8.1065E-02
 544.0 8.2577E-02
 545.0 8.3874E-02
 546.0 8.4978E-02
 547.0 8.5903E-02
 548.0 8.6717E-02
 549.0 8.7449E-02
 550.0 8.8208E-02
 551.0 8.9013E-02
 552.0 8.9876E-02
 553.0 9.0874E-02
 554.0 9.1996E-02
 555.0 9.3286E-02
 556.0 9.4824E-02
 557.0 9.6707E-02
 558.0 9.8896E-02
 559.0 1.0135E-01
 560.0 1.0401E-01
 561.0 1.0669E-01
 562.0 1.0930E-01
 563.0 1.1167E-01
 564.0 1.1379E-01
 565.0 1.1567E-01
 566.0 1.1732E-01
 567.0 1.1890E-01
 568.0 1.2039E-01
 569.0 1.2195E-01
 570.0 1.2348E-01
 571.0 1.2499E-01
 572.0 1.2628E-01
 573.0 1.2724E-01
 574.0 1.2770E-01
 575.0 1.2763E-01
 576.0 1.2711E-01
 577.0 1.2620E-01
 578.0 1.2508E-01
 579.0 1.2384E-01
 580.0 1.2256E-01
 581.0 1.2128E-01
 582.0 1.2011E-01
 583.0 1.1913E-01
 584.0 1.1828E-01
 585.0 1.1765E-01
 586.0 1.1720E-01
 587.0 1.1699E-01
 588.0 1.1696E-01
 589.0 1.1720E-01
 590.0 1.1772E-01
 591.0 1.1862E-01
 592.0 1.1991E-01
 593.0 1.2172E-01
 594.0 1.2388E-01
 595.0 1.2627E-01
 596.0 1.2875E-01
 597.0 1.3124E-01
 598.0 1.3358E-01
 599.0 1.3562E-01
 600.0 1.3720E-01
 601.0 1.3826E-01
 602.0 1.3876E-01
 603.0 1.3868E-01
 604.0 1.3805E-01
 605.0 1.3694E-01
 606.0 1.3539E-01
 607.0 1.3350E-01
 608.0 1.3133E-01
 609.0 1.2902E-01
 610.0 1.2659E-01
 611.0 1.2422E-01
 612.0 1.2187E-01
 613.0 1.1961E-01
 614.0 1.1744E-01
 615.0 1.1540E-01
 616.0 1.1350E-01
 617.0 1.1170E-01
 618.0 1.1004E-01
 619.0 1.0851E-01
 620.0 1.0709E-01
 621.0 1.0578E-01
 622.0 1.0453E-01
 623.0 1.0328E-01
 624.0 1.0208E-01
 625.0 1.0084E-01
 626.0 9.9560E-02
 627.0 9.8206E-02
 628.0 9.6793E-02
 629.0 9.5363E-02
 630.0 9.3928E-02
 631.0 9.2509E-02
 632.0 9.1116E-02
 633.0 8.9761E-02
 634.0 8.8229E-02
 635.0 8.6691E-02
 636.0 8.5070E-02
 637.0 8.3450E-02
 638.0 8.1849E-02
 639.0 8.0207E-02
 640.0 7.8533E-02
 641.0 7.6902E-02
 642.0 7.5373E-02
 643.0 7.3973E-02
 644.0 7.2682E-02
 645.0 7.1423E-02
 646.0 7.0171E-02
 647.0 6.8923E-02
 648.0 6.7709E-02
 649.0 6.6588E-02
 650.0 6.5519E-02
 651.0 6.4491E-02
 652.0 6.3444E-02
 653.0 6.2371E-02
 654.0 6.1263E-02
 655.0 6.0134E-02
 656.0 5.9041E-02
 657.0 5.7950E-02
 658.0 5.6893E-02
 659.0 5.5880E-02
 660.0 5.4876E-02
 661.0 5.3906E-02
 662.0 5.2954E-02
 663.0 5.1999E-02
 664.0 5.0993E-02
 665.0 4.9880E-02
 666.0 4.8750E-02
 667.0 4.7616E-02
 668.0 4.6512E-02
 669.0 4.5402E-02
 670.0 4.4323E-02
 671.0 4.3260E-02
 672.0 4.2229E-02
 673.0 4.1247E-02
 674.0 4.0308E-02
 675.0 3.9400E-02
 676.0 3.8532E-02
 677.0 3.7670E-02
 678.0 3.6820E-02
 679.0 3.6027E-02
 680.0 3.5328E-02
 681.0 3.4719E-02
 682.0 3.4176E-02
 683.0 3.3698E-02
 684.0 3.3219E-02
 685.0 3.2683E-02
 686.0 3.2067E-02
 687.0 3.1361E-02
 688.0 3.0555E-02
 689.0 2.9732E-02
 690.0 2.8891E-02
 691.0 2.8112E-02
 692.0 2.7375E-02
 693.0 2.6650E-02
 694.0 2.5909E-02
 695.0 2.5187E-02
 696.0 2.4487E-02
 697.0 2.3793E-02
 698.0 2.3131E-02
 699.0 2.2525E-02
 700.0 2.1943E-02
 701.0 2.1428E-02
 702.0 2.0968E-02
 703.0 2.0561E-02
 704.0 2.0187E-02
 705.0 1.9849E-02
 706.0 1.9535E-02
 707.0 1.9256E-02
 708.0 1.8973E-02
 709.0 1.8710E-02
 710.0 1.8459E-02
 711.0 1.8243E-02
 712.0 1.8068E-02
 713.0 1.7964E-02
 714.0 1.7919E-02
 715.0 1.7872E-02
 716.0 1.7734E-02
 717.0 1.7445E-02
 718.0 1.7011E-02
 719.0 1.6450E-02
 720.0 1.5842E-02
 721.0 1.5234E-02
 722.0 1.4706E-02
 723.0 1.4268E-02
 724.0 1.3912E-02
 725.0 1.3613E-02
 726.0 1.3288E-02
 727.0 1.2958E-02
 728.0 1.2576E-02
 729.0 1.2204E-02
 730.0 1.1865E-02
 731.0 1.1585E-02
 732.0 1.1364E-02
 733.0 1.1193E-02
 734.0 1.1068E-02
 735.0 1.1001E-02
 736.0 1.0939E-02
 737.0 1.0897E-02
 738.0 1.0825E-02
 739.0 1.0801E-02
 740.0 1.0803E-02
 741.0 1.0853E-02
 742.0 1.0925E-02
 743.0 1.1078E-02
 744.0 1.1280E-02
 745.0 1.1466E-02
 746.0 1.1667E-02
 747.0 1.1754E-02
 748.0 1.1715E-02
 749.0 1.1521E-02
 750.0 1.1126E-02
 751.0 1.0611E-02
 752.0 9.9821E-03
 753.0 9.3849E-03
 754.0 8.8416E-03
 755.0 8.3816E-03
 756.0 7.9954E-03
 757.0 7.6769E-03
 758.0 7.4108E-03
 759.0 7.2012E-03
 760.0 7.0279E-03
 761.0 6.8785E-03
 762.0 6.7702E-03
 763.0 6.6405E-03
 764.0 6.5572E-03
 765.0 6.4782E-03
 766.0 6.4076E-03
 767.0 6.3630E-03
 768.0 6.3327E-03
 769.0 6.3467E-03
 770.0 6.3970E-03
 771.0 6.4887E-03
 772.0 6.6364E-03
 773.0 6.8560E-03
 774.0 7.1432E-03
 775.0 7.5000E-03
 776.0 7.8391E-03
 777.0 8.1720E-03
 778.0 8.4382E-03
 779.0 8.5495E-03
 780.0 8.5180E-03
 781.0 8.3221E-03
 782.0 7.9822E-03
 783.0 7.5525E-03
 784.0 7.1090E-03
 785.0 6.6769E-03
 786.0 6.2631E-03
 787.0 5.9336E-03
 788.0 5.6574E-03
 789.0 5.4117E-03
 790.0 5.1975E-03
 791.0 5.0078E-03
 792.0 4.7751E-03
 793.0 4.5566E-03
 794.0 4.3704E-03
 795.0 4.2085E-03
 796.0 4.0779E-03
 797.0 3.9823E-03
 798.0 3.9085E-03
 799.0 3.8710E-03
 800.0 3.7891E-03
 801.0 3.7489E-03
 802.0 3.6860E-03
 803.0 3.6895E-03
 804.0 3.6935E-03
 805.0 3.7307E-03
 806.0 3.8264E-03
 807.0 3.9791E-03
 808.0 4.2145E-03
 809.0 4.4283E-03
 810.0 4.6758E-03
 811.0 4.9267E-03
 812.0 5.2071E-03
 813.0 5.4531E-03
 814.0 5.6675E-03
 815.0 5.8941E-03
 816.0 5.9952E-03
 817.0 6.0348E-03
 818.0 5.9274E-03
 819.0 5.7710E-03
 820.0 5.4939E-03
 821.0 5.1664E-03
 822.0 4.7754E-03
 823.0 4.3644E-03
 824.0 3.9404E-03
 825.0 3.5527E-03
 826.0 3.2088E-03
 827.0 2.9539E-03
 828.0 2.6618E-03
 829.0 2.4914E-03
 830.0 2.2981E-03
 831.0 2.1538E-03
 832.0 2.0355E-03
 833.0 1.9451E-03
 834.0 1.8919E-03
 835.0 1.8347E-03
 836.0 1.7909E-03
 837.0 1.7900E-03
 838.0 1.7748E-03
 839.0 1.7735E-03
 840.0 1.8068E-03
 841.0 1.8212E-03
 842.0 1.8387E-03
 843.0 1.9417E-03
 844.0 2.0442E-03
 845.0 2.0837E-03
 846.0 2.1720E-03
 847.0 2.3392E-03
 848.0 2.5437E-03
 849.0 2.7554E-03
 850.0 3.0717E-03
 851.0 3.4049E-03
 852.0 3.7326E-03
 853.0 3.9875E-03
 854.0 4.0032E-03
 855.0 3.8845E-03
 856.0 3.7668E-03
 857.0 3.5611E-03
 858.0 3.3641E-03
 859.0 3.1971E-03
 860.0 2.9161E-03
 861.0 2.6803E-03
 862.0 2.3975E-03
 863.0 2.1578E-03
 864.0 1.9025E-03
 865.0 1.7706E-03
 866.0 1.5892E-03
 867.0 1.4508E-03
 868.0 1.3307E-03
 869.0 1.2255E-03
 870.0 1.1186E-03
 871.0 1.0324E-03
 872.0 9.8611E-04
 873.0 9.3109E-04
 874.0 8.8793E-04
 875.0 8.5005E-04
 876.0 8.7447E-04
 877.0 8.5855E-04
 878.0 8.8143E-04
 879.0 8.7855E-04
 880.0 9.0248E-04
 881.0 9.4596E-04
 882.0 1.0018E-03
 883.0 1.0400E-03
 884.0 1.0991E-03
 885.0 1.1457E-03
 886.0 1.2016E-03
 887.0 1.2587E-03
 888.0 1.3003E-03
 889.0 1.3230E-03
 890.0 1.3049E-03
 891.0 1.2752E-03
 892.0 1.2010E-03
 893.0 1.2578E-03
 894.0 1.3088E-03
 895.0 1.4427E-03
 896.0 1.5354E-03
 897.0 1.6386E-03
 898.0 1.6834E-03
 899.0 1.6637E-03
 900.0 1.6148E-03
 901.0 1.5253E-03
 902.0 1.4214E-03
 903.0 1.3118E-03
 904.0 1.1925E-03
 905.0 1.0797E-03
 906.0 9.7987E-04
 907.0 8.8341E-04
 908.0 8.0465E-04
 909.0 7.2897E-04
 910.0 6.5321E-04
 911.0 5.9113E-04
 912.0 5.5119E-04
 913.0 5.0010E-04
 914.0 4.6246E-04
 915.0 4.2941E-04
 916.0 4.0981E-04
 917.0 3.8562E-04
 918.0 3.7521E-04
 919.0 3.5353E-04
 920.0 3.5704E-04
 921.0 3.5373E-04
 922.0 3.4437E-04
 923.0 3.5178E-04
 924.0 3.4109E-04
 925.0 3.4536E-04
 926.0 3.6892E-04
 927.0 3.7220E-04
 928.0 3.7086E-04
 929.0 3.7922E-04
 930.0 3.8081E-04
 931.0 3.9333E-04
 932.0 3.8630E-04
 933.0 3.6048E-04
 934.0 3.4784E-04
 935.0 3.6506E-04
 936.0 4.1552E-04
 937.0 4.7519E-04
 938.0 5.5217E-04
 939.0 6.4947E-04
 940.0 7.4370E-04
 941.0 8.5808E-04
 942.0 9.8136E-04
 943.0 1.0889E-03
 944.0 1.1381E-03
 945.0 1.1382E-03
 946.0 1.0698E-03
 947.0 9.5554E-04
 948.0 8.2303E-04
 949.0 7.0581E-04
 950.0 5.8878E-04
 951.0 5.0273E-04
 952.0 4.4223E-04
 953.0 3.8326E-04
 954.0 3.3358E-04
 955.0 3.7248E-04
 956.0 3.3278E-04
 957.0 3.3195E-04
 958.0 2.9270E-04
 959.0 2.5364E-04
 960.0 2.2416E-04
 961.0 2.0757E-04
 962.0 1.8918E-04
 963.0 1.8551E-04
 964.0 1.8244E-04
 965.0 1.7957E-04
 966.0 1.7619E-04
 967.0 1.5207E-04
 968.0 1.3015E-04
 969.0 1.0765E-04
 970.0 9.9494E-05
 971.0 8.4478E-05
 972.0 8.0527E-05
 973.0 6.8434E-05
 974.0 5.7285E-05
 975.0 5.7738E-05
 976.0 4.8912E-05
 977.0 4.3171E-05
 978.0 4.4954E-05
 979.0 5.0741E-05
 980.0 4.4659E-05
 981.0 4.6274E-05
 982.0 5.6992E-05
 983.0 6.8665E-05
 984.0 7.7655E-05
 985.0 7.6392E-05
 986.0 1.7812E-04
 987.0 1.7874E-04
 988.0 2.2077E-04
 989.0 3.6073E-04
 990.0 4.2604E-04
 991.0 7.4375E-04
 992.0 9.0230E-04
 993.0 7.1850E-04
 994.0 6.4888E-04
 995.0 6.3001E-04
 996.0 4.4738E-04
 997.0 2.5813E-04
 998.0 2.6709E-04
 999.0 1.4290E-04
1000.0 1.4018E-04
1001.0 1.3261E-04
1002.0 9.2527E-05
1003.0 7.0667E-05
1004.0 8.1011E-05
1005.0 5.7755E-05
1006.0 8.8535E-05
1007.0 5.7720E-05
1008.0 3.8338E-05
1009.0 6.8735E-05
1010.0 3.6780E-05
1011.0 2.9674E-05
1012.0 3.1512E-05
1013.0 1.9898E-05
1014.0 2.4206E-05
1015.0 2.2259E-05
1016.0 3.3125E-05
1017.0 1.8019E-05
1018.0 1.7979E-05
1019.0 1.2376E-05
1020.0 1.7735E-05
1021.0 6.4098E-06
1022.0 1.0159E-05
1023.0 1.1857E-05
1024.0 6.9428E-06
1025.0 6.5500E-06
1026.0 6.6610E-06
1027.0 3.0304E-06
1028.0 9.1137E-06
1029.0 4.9041E-06
1030.0 6.9470E-06
1031.0 2.8709E-06
1032.0 2.8058E-06
1033.0 8.2419E-06
1034.0 7.5696E-06
1035.0 8.8131E-06
1036.0 6.8940E-06
1037.0 9.4020E-06
1038.0 9.4037E-06
1039.0 1.0371E-05
1040.0 3.9794E-05
1041.0 3.2823E-05
1042.0 3.8953E-05
1043.0 6.0084E-05
1044.0 7.8737E-05
1045.0 6.9676E-05
1046.0 1.9125E-04
1047.0 1.3709E-04
1048.0 1.1978E-04
1049.0 1.1246E-04
1050.0 1.4694E-04
1051.0 6.3887E-05
1052.0 3.5460E-05
1053.0 3.9195E-05
1054.0 1.6240E-05
1055.0 4.1192E-05
1056.0 1.2195E-05
1057.0 2.7197E-05
1058.0 2.2747E-05
1059.0 3.5504E-06
1060.0 1.6998E-05
1061.0 8.5030E-06
1062.0 1.5827E-07
1063.0 1.4113E-05
1064.0 7.9075E-06
1065.0 3.1252E-06
1066.0 1.5178E-05
1067.0 4.6599E-06
1068.0 1.6569E-06
1069.0 0.0000E+00
1070.0 0.0000E+00
1071.0 0.0000E+00
1072.0 0.0000E+00
1073.0 0.0000E+00
1074.0 0.0000E+00
1075.0 0.0000E+00
1076.0 0.0000E+00
1077.0 0.0000E+00
1078.0 0.0000E+00
1079.0 0.0000E+00
1080.0 0.0000E+00
1081.0 0.0000E+00
1082.0 0.0000E+00
1083.0 0.0000E+00
1084.0 0.0000E+00
1085.0 0.0000E+00
1086.0 0.0000E+00
1087.0 0.0000E+00
1088.0 0.0000E+00
1089.0 0.0000E+00
1090.0 0.0000E+00
1091.0 0.0000E+00
1092.0 0.0000E+00
1093.0 0.0000E+00
1094.0 0.0000E+00
1095.0 0.0000E+00
1096.0 0.0000E+00
1097.0 0.0000E+00
1098.0 0.0000E+00
1099.0 0.0000E+00
1100.0 0.0000E+00
1101.0 0.0000E+00
1102.0 0.0000E+00
1103.0 0.0000E+00
1104.0 0.0000E+00
1105.0 0.0000E+00
1106.0 0.0000E+00
1107.0 0.0000E+00
1108.0 0.0000E+00
1109.0 0.0000E+00
1110.0 0.0000E+00
1111.0 0.0000E+00
1112.0 0.0000E+00
1113.0 0.0000E+00
1114.0 0.0000E+00
1115.0 0.0000E+00
1116.0 0.0000E+00
1117.0 0.0000E+00
1118.0 0.0000E+00
1119.0 0.0000E+00
1120.0 0.0000E+00
1121.0 0.0000E+00
1122.0 0.0000E+00
1123.0 0.0000E+00
1124.0 0.0000E+00
1125.0 0.0000E+00
1126.0 0.0000E+00
1127.0 0.0000E+00
1128.0 0.0000E+00
1129.0 0.0000E+00
1130.0 0.0000E+00
1131.0 0.0000E+00
1132.0 0.0000E+00
1133.0 0.0000E+00
1134.0 0.0000E+00
1135.0 0.0000E+00
1136.0 0.0000E+00
1137.0 0.0000E+00
1138.0 0.0000E+00
1139.0 0.0000E+00
1140.0 0.0000E+00
1141.0 0.0000E+00
1142.0 0.0000E+00
1143.0 0.0000E+00
1144.0 0.0000E+00
1145.0 0.0000E+00
1146.0 0.0000E+00
1147.0 0.0000E+00
1148.0 0.0000E+00
1149.0 0.0000E+00
1150.0 0.0000E+00
1151.0 0.0000E+00
1152.0 0.0000E+00
1153.0 0.0000E+00
1154.0 0.0000E+00
1155.0 0.0000E+00
1156.0 0.0000E+00
1157.0 0.0000E+00
1158.0 0.0000E+00
1159.0 0.0000E+00
1160.0 0.0000E+00
1161.0 0.0000E+00
1162.0 0.0000E+00
1163.0 0.0000E+00
1164.0 0.0000E+00
1165.0 0.0000E+00
1166.0 0.0000E+00
1167.0 0.0000E+00
1168.0 0.0000E+00
1169.0 0.0000E+00
1170.0 0.0000E+00
1171.0 0.0000E+00
1172.0 0.0000E+00
1173.0 0.0000E+00
1174.0 0.0000E+00
1175.0 0.0000E+00
1176.0 0.0000E+00
1177.0 0.0000E+00
1178.0 0.0000E+00
1179.0 0.0000E+00
1180.0 0.0000E+00
1181.0 0.0000E+00
1182.0 0.0000E+00
1183.0 0.0000E+00
1184.0 0.0000E+00
1185.0 0.0000E+00
1186.0 0.0000E+00
1187.0 0.0000E+00
1188.0 0.0000E+00
1189.0 0.0000E+00
1190.0 0.0000E+00
1191.0 0.0000E+00
1192.0 0.0000E+00
1193.0 0.0000E+00
1194.0 0.0000E+00
1195.0 0.0000E+00
1196.0 0.0000E+00
1197.0 0.0000E+00
1198.0 0.0000E+00
1199.0 0.0000E+00
1200.0 0.0000E+00
1201.0 0.0000E+00
1202.0 0.0000E+00
1203.0 0.0000E+00
1204.0 0.0000E+00
1205.0 0.0000E+00
1206.0 0.0000E+00
1207.0 0.0000E+00
1208.0 0.0000E+00
1209.0 0.0000E+00
1210.0 0.0000E+00
1211.0 0.0000E+00
1212.0 0.0000E+00
1213.0 0.0000E+00
1214.0 0.0000E+00
1215.0 0.0000E+00
1216.0 0.0000E+00
1217.0 0.0000E+00
1218.0 0.0000E+00
1219.0 0.0000E+00
1220.0 0.0000E+00
1221.0 0.0000E+00
1222.0 0.0000E+00
1223.0 0.0000E+00
1224.0 0.0000E+00
1225.0 0.0000E+00
1226.0 0.0000E+00
1227.0 0.0000E+00
1228.0 0.0000E+00
1229.0 0.0000E+00
1230.0 0.0000E+00
1231.0 0.0000E+00
1232.0 0.0000E+00
1233.0 0.0000E+00
1234.0 0.0000E+00
1235.0 0.0000E+00
1236.0 0.0000E+00
1237.0 0.0000E+00
1238.0 0.0000E+00
1239.0 0.0000E+00
1240.0 0.0000E+00
1241.0 0.0000E+00
1242.0 0.0000E+00
1243.0 0.0000E+00
1244.0 0.0000E+00
1245.0 0.0000E+00
1246.0 0.0000E+00
1247.0 0.0000E+00
1248.0 0.0000E+00
1249.0 0.0000E+00
1250.0 0.0000E+00
1251.0 0.0000E+00
1252.0 0.0000E+00
1253.0 0.0000E+00
1254.0 0.0000E+00
1255.0 0.0000E+00
1256.0 0.0000E+00
1257.0 0.0000E+00
1258.0 0.0000E+00
1259.0 0.0000E+00
1260.0 0.0000E+00
1261.0 0.0000E+00
1262.0 0.0000E+00
1263.0 0.0000E+00
1264.0 0.0000E+00
1265.0 0.0000E+00
1266.0 0.0000E+00
1267.0 0.0000E+00
1268.0 0.0000E+00
1269.0 0.0000E+00
1270.0 0.0000E+00
1271.0 0.0000E+00
1272.0 0.0000E+00
1273.0 0.0000E+00
1274.0 0.0000E+00
1275.0 0.0000E+00
1276.0 0.0000E+00
1277.0 0.0000E+00
1278.0 0.0000E+00
1279.0 0.0000E+00
1280.0 0.0000E+00
1281.0 0.0000E+00
1282.0 0.0000E+00
1283.0 0.0000E+00
1284.0 0.0000E+00
1285.0 0.0000E+00
1286.0 0.0000E+00
1287.0 0.0000E+00
1288.0 0.0000E+00
1289.0 0.0000E+00
1290.0 0.0000E+00
1291.0 0.0000E+00
1292.0 0.0000E+00
1293.0 0.0000E+00
1294.0 0.0000E+00
1295.0 0.0000E+00
1296.0 0.0000E+00
1297.0 0.0000E+00
1298.0 0.0000E+00
1299.0 0.0000E+00
1300.0 0.0000E+00
1301.0 0.0000E+00
1302.0 0.0000E+00
1303.0 0.0000E+00
1304.0 0.0000E+00
1305.0 0.0000E+00
1306.0 0.0000E+00
1307.0 0.0000E+00
1308.0 0.0000E+00
1309.0 0.0000E+00
1310.0 0.0000E+00
1311.0 0.0000E+00
1312.0 0.0000E+00
1313.0 0.0000E+00
1314.0 0.0000E+00
1315.0 0.0000E+00
1316.0 0.0000E+00
1317.0 0.0000E+00
1318.0 0.0000E+00
1319.0 0.0000E+00
1320.0 0.0000E+00
1321.0 0.0000E+00
1322.0 0.0000E+00
1323.0 0.0000E+00
1324.0 0.0000E+00
1325.0 0.0000E+00
1326.0 0.0000E+00
1327.0 0.0000E+00
1328.0 0.0000E+00
1329.0 0.0000E+00
1330.0 0.0000E+00
1331.0 0.0000E+00
1332.0 0.0000E+00
1333.0 0.0000E+00
1334.0 0.0000E+00
1335.0 0.0000E+00
1336.0 0.0000E+00
1337.0 0.0000E+00
1338.0 0.0000E+00
1339.0 0.0000E+00
1340.0 0.0000E+00
1341.0 0.0000E+00
1342.0 0.0000E+00
1343.0 0.0000E+00
1344.0 0.0000E+00
1345.0 0.0000E+00
1346.0 0.0000E+00
1347.0 0.0000E+00
1348.0 0.0000E+00
1349.0 0.0000E+00
1350.0 0.0000E+00
1351.0 0.0000E+00
1352.0 0.0000E+00
1353.0 0.0000E+00
1354.0 0.0000E+00
1355.0 0.0000E+00
1356.0 0.0000E+00
1357.0 0.0000E+00
1358.0 0.0000E+00
1359.0 0.0000E+00
1360.0 0.0000E+00
1361.0 0.0000E+00
1362.0 0.0000E+00
1363.0 0.0000E+00
1364.0 0.0000E+00
1365.0 0.0000E+00
1366.0 0.0000E+00
1367.0 0.0000E+00
1368.0 0.0000E+00
1369.0 0.0000E+00
1370.0 0.0000E+00
1371.0 0.0000E+00
1372.0 0.0000E+00
1373.0 0.0000E+00
1374.0 0.0000E+00
1375.0 0.0000E+00
1376.0 0.0000E+00
1377.0 0.0000E+00
1378.0 0.0000E+00
1379.0 0.0000E+00
1380.0 0.0000E+00
1381.0 0.0000E+00
1382.0 0.0000E+00
1383.0 0.0000E+00
1384.0 0.0000E+00
1385.0 0.0000E+00
1386.0 0.0000E+00
1387.0 0.0000E+00
1388.0 0.0000E+00
1389.0 0.0000E+00
1390.0 0.0000E+00
1391.0 0.0000E+00
1392.0 0.0000E+00
1393.0 0.0000E+00
1394.0 0.0000E+00
1395.0 0.0000E+00
1396.0 0.0000E+00
1397.0 0.0000E+00
1398.0 0.0000E+00
1399.0 0.0000E+00
1400.0 0.0000E+00
1401.0 0.0000E+00
1402.0 0.0000E+00
1403.0 0.0000E+00
1404.0 0.0000E+00
1405.0 0.0000E+00
1406.0 0.0000E+00
1407.0 0.0000E+00
1408.0 0.0000E+00
1409.0 0.0000E+00
1410.0 0.0000E+00
1411.0 0.0000E+00
1412.0 0.0000E+00
1413.0 0.0000E+00
1414.0 0.0000E+00
1415.0 0.0000E+00
1416.0 0.0000E+00
1417.0 0.0000E+00
1418.0 0.0000E+00
1419.0 0.0000E+00
1420.0 0.0000E+00
1421.0 0.0000E+00
1422.0 0.0000E+00
1423.0 0.0000E+00
1424.0 0.0000E+00
1425.0 0.0000E+00
1426.0 0.0000E+00
1427.0 0.0000E+00
1428.0 0.0000E+00
1429.0 0.0000E+00
1430.0 0.0000E+00
1431.0 0.0000E+00
1432.0 0.0000E+00
1433.0 0.0000E+00
1434.0 0.0000E+00
1435.0 0.0000E+00
1436.0 0.0000E+00
1437.0 0.0000E+00
1438.0 0.0000E+00
1439.0 0.0000E+00
1440.0 0.0000E+00
1441.0 0.0000E+00
1442.0 0.0000E+00
1443.0 0.0000E+00
1444.0 0.0000E+00
1445.0 0.0000E+00
1446.0 0.0000E+00
1447.0 0.0000E+00
1448.0 0.0000E+00
1449.0 0.0000E+00
1450.0 0.0000E+00
1451.0 0.0000E+00
1452.0 0.0000E+00
1453.0 0.0000E+00
1454.0 0.0000E+00
1455.0 0.0000E+00
1456.0 0.0000E+00
1457.0 0.0000E+00
1458.0 0.0000E+00
1459.0 0.0000E+00
1460.0 0.0000E+00
1461.0 0.0000E+00
1462.0 0.0000E+00
1463.0 0.0000E+00
1464.0 0.0000E+00
1465.0 0.0000E+00
1466.0 0.0000E+00
1467.0 0.0000E+00
1468.0 0.0000E+00
1469.0 0.0000E+00
1470.0 0.0000E+00
1471.0 0.0000E+00
1472.0 0.0000E+00
1473.0 0.0000E+00
1474.0 0.0000E+00
1475.0 0.0000E+00
1476.0 0.0000E+00
1477.0 0.0000E+00
1478.0 0.0000E+00
1479.0 0.0000E+00
1480.0 0.0000E+00
1481.0 0.0000E+00
1482.0 0.0000E+00
1483.0 0.0000E+00
1484.0 0.0000E+00
1485.0 0.0000E+00
1486.0 0.0000E+00
1487.0 0.0000E+00
1488.0 0.0000E+00
1489.0 0.0000E+00
1490.0 0.0000E+00
1491.0 0.0000E+00
1492.0 0.0000E+00
1493.0 0.0000E+00
1494.0 0.0000E+00
1495.0 0.0000E+00
1496.0 0.0000E+00
1497.0 0.0000E+00
1498.0 0.0000E+00
1499.0 0.0000E+00
1500.0 0.0000E+00
1501.0 0.0000E+00
1502.0 0.0000E+00
1503.0 0.0000E+00
1504.0 0.0000E+00
1505.0 0.0000E+00
1506.0 0.0000E+00
1507.0 0.0000E+00
1508.0 0.0000E+00
1509.0 0.0000E+00
1510.0 0.0000E+00
1511.0 0.0000E+00
1512.0 0.0000E+00
1513.0 0.0000E+00
1514.0 0.0000E+00
1515.0 0.0000E+00
1516.0 0.0000E+00
1517.0 0.0000E+00
1518.0 0.0000E+00
1519.0 0.0000E+00
1520.0 0.0000E+00
1521.0 0.0000E+00
1522.0 0.0000E+00
1523.0 0.0000E+00
1524.0 0.0000E+00
1525.0 0.0000E+00
1526.0 0.0000E+00
1527.0 0.0000E+00
1528.0 0.0000E+00
1529.0 0.0000E+00
1530.0 0.0000E+00
1531.0 0.0000E+00
1532.0 0.0000E+00
1533.0 0.0000E+00
1534.0 0.0000E+00
1535.0 0.0000E+00
1536.0 0.0000E+00
1537.0 0.0000E+00
1538.0 0.0000E+00
1539.0 0.0000E+00
1540.0 0.0000E+00
1541.0 0.0000E+00
1542.0 0.0000E+00
1543.0 0.0000E+00
1544.0 0.0000E+00
1545.0 0.0000E+00
1546.0 0.0000E+00
1547.0 0.0000E+00
1548.0 0.0000E+00
1549.0 0.0000E+00
1550.0 0.0000E+00
1551.0 0.0000E+00
1552.0 0.0000E+00
1553.0 0.0000E+00
1554.0 0.0000E+00
1555.0 0.0000E+00
1556.0 0.0000E+00
1557.0 0.0000E+00
1558.0 0.0000E+00
1559.0 0.0000E+00
1560.0 0.0000E+00
1561.0 0.0000E+00
1562.0 0.0000E+00
1563.0 0.0000E+00
1564.0 0.0000E+00
1565.0 0.0000E+00
1566.0 0.0000E+00
1567.0 0.0000E+00
1568.0 0.0000E+00
1569.0 0.0000E+00
1570.0 0.0000E+00
1571.0 0.0000E+00
1572.0 0.0000E+00
1573.0 0.0000E+00
1574.0 0.0000E+00
1575.0 0.0000E+00
1576.0 0.0000E+00
1577.0 0.0000E+00
1578.0 0.0000E+00
1579.0 0.0000E+00
1580.0 0.0000E+00
1581.0 0.0000E+00
1582.0 0.0000E+00
1583.0 0.0000E+00
1584.0 0.0000E+00
1585.0 0.0000E+00
1586.0 0.0000E+00
1587.0 0.0000E+00
1588.0 0.0000E+00
1589.0 0.0000E+00
1590.0 0.0000E+00
1591.0 0.0000E+00
1592.0 0.0000E+00
1593.0 0.0000E+00
1594.0 0.0000E+00
1595.0 0.0000E+00
1596.0 0.0000E+00
1597.0 0.0000E+00
1598.0 0.0000E+00
1599.0 0.0000E+00
1600.0 0.0000E+00
1601.0 0.0000E+00
1602.0 0.0000E+00
1603.0 0.0000E+00
1604.0 0.0000E+00
1605.0 0.0000E+00
1606.0 0.0000E+00
1607.0 0.0000E+00
1608.0 0.0000E+00
1609.0 0.0000E+00
1610.0 0.0000E+00
1611.0 0.0000E+00
1612.0 0.0000E+00
1613.0 0.0000E+00
1614.0 0.0000E+00
1615.0 0.0000E+00
1616.0 0.0000E+00
1617.0 0.0000E+00
1618.0 0.0000E+00
1619.0 0.0000E+00
1620.0 0.0000E+00
1621.0 0.0000E+00
1622.0 0.0000E+00
1623.0 0.0000E+00
1624.0 0.0000E+00
1625.0 0.0000E+00
1626.0 0.0000E+00
1627.0 0.0000E+00
1628.0 0.0000E+00
1629.0 0.0000E+00
1630.0 0.0000E+00
1631.0 0.0000E+00
1632.0 0.0000E+00
1633.0 0.0000E+00
1634.0 0.0000E+00
1635.0 0.0000E+00
1636.0 0.0000E+00
1637.0 0.0000E+00
1638.0 0.0000E+00
1639.0 0.0000E+00
1640.0 0.0000E+00
1641.0 0.0000E+00
1642.0 0.0000E+00
1643.0 0.0000E+00
1644.0 0.0000E+00
1645.0 0.0000E+00
1646.0 0.0000E+00
1647.0 0.0000E+00
1648.0 0.0000E+00
1649.0 0.0000E+00
1650.0 0.0000E+00
1651.0 0.0000E+00
1652.0 0.0000E+00
1653.0 0.0000E+00
1654.0 0.0000E+00
1655.0 0.0000E+00
1656.0 0.0000E+00
1657.0 0.0000E+00
1658.0 0.0000E+00
1659.0 0.0000E+00
1660.0 0.0000E+00
1661.0 0.0000E+00
1662.0 0.0000E+00
1663.0 0.0000E+00
1664.0 0.0000E+00
1665.0 0.0000E+00
1666.0 0.0000E+00
1667.0 0.0000E+00
1668.0 0.0000E+00
1669.0 0.0000E+00
1670.0 0.0000E+00
1671.0 0.0000E+00
1672.0 0.0000E+00
1673.0 0.0000E+00
1674.0 0.0000E+00
1675.0 0.0000E+00
1676.0 0.0000E+00
1677.0 0.0000E+00
1678.0 0.0000E+00
1679.0 0.0000E+00
1680.0 0.0000E+00
1681.0 0.0000E+00
1682.0 0.0000E+00
1683.0 0.0000E+00
1684.0 0.0000E+00
1685.0 0.0000E+00
1686.0 0.0000E+00
1687.0 0.0000E+00
1688.0 0.0000E+00
1689.0 0.0000E+00
1690.0 0.0000E+00
1691.0 0.0000E+00
1692.0 0.0000E+00
1693.0 0.0000E+00
1694.0 0.0000E+00
1695.0 0.0000E+00
1696.0 0.0000E+00
1697.0 0.0000E+00
1698.0 0.0000E+00
1699.0 0.0000E+00
1700.0 0.0000E+00
1701.0 0.0000E+00
1702.0 0.0000E+00
1703.0 0.0000E+00
1704.0 0.0000E+00
1705.0 0.0000E+00
1706.0 0.0000E+00
1707.0 0.0000E+00
1708.0 0.0000E+00
1709.0 0.0000E+00
1710.0 0.0000E+00
1711.0 0.0000E+00
1712.0 0.0000E+00
1713.0 0.0000E+00
1714.0 0.0000E+00
1715.0 0.0000E+00
1716.0 0.0000E+00
1717.0 0.0000E+00
1718.0 0.0000E+00
1719.0 0.0000E+00
1720.0 0.0000E+00
1721.0 0.0000E+00
1722.0 0.0000E+00
1723.0 0.0000E+00
1724.0 0.0000E+00
1725.0 0.0000E+00
1726.0 0.0000E+00
1727.0 0.0000E+00
1728.0 0.0000E+00
1729.0 0.0000E+00
1730.0 0.0000E+00
1731.0 0.0000E+00
1732.0 0.0000E+00
1733.0 0.0000E+00
1734.0 0.0000E+00
1735.0 0.0000E+00
1736.0 0.0000E+00
1737.0 0.0000E+00
1738.0 0.0000E+00
1739.0 0.0000E+00
1740.0 0.0000E+00
1741.0 0.0000E+00
1742.0 0.0000E+00
1743.0 0.0000E+00
1744.0 0.0000E+00
1745.0 0.0000E+00
1746.0 0.0000E+00
1747.0 0.0000E+00
1748.0 0.0000E+00
1749.0 0.0000E+00
1750.0 0.0000E+00
1751.0 0.0000E+00
1752.0 0.0000E+00
1753.0 0.0000E+00
1754.0 0.0000E+00
1755.0 0.0000E+00
1756.0 0.0000E+00
1757.0 0.0000E+00
1758.0 0.0000E+00
1759.0 0.0000E+00
1760.0 0.0000E+00
1761.0 0.0000E+00
1762.0 0.0000E+00
1763.0 0.0000E+00
1764.0 0.0000E+00
1765.0 0.0000E+00
1766.0 0.0000E+00
1767.0 0.0000E+00
1768.0 0.0000E+00
1769.0 0.0000E+00
1770.0 0.0000E+00
1771.0 0.0000E+00
1772.0 0.0000E+00
1773.0 0.0000E+00
1774.0 0.0000E+00
1775.0 0.0000E+00
1776.0 0.0000E+00
1777.0 0.0000E+00
1778.0 0.0000E+00
1779.0 0.0000E+00
1780.0 0.0000E+00
1781.0 0.0000E+00
1782.0 0.0000E+00
1783.0 0.0000E+00
1784.0 0.0000E+00
1785.0 0.0000E+00
1786.0 0.0000E+00
1787.0 0.0000E+00
1788.0 0.0000E+00
1789.0 0.0000E+00
1790.0 0.0000E+00
1791.0 0.0000E+00
1792.0 0.0000E+00
1793.0 0.0000E+00
1794.0 0.0000E+00
1795.0 0.0000E+00
1796.0 0.0000E+00
1797.0 0.0000E+00
1798.0 0.0000E+00
1799.0 0.0000E+00
1800.0 0.0000E+00
1801.0 0.0000E+00
1802.0 0.0000E+00
1803.0 0.0000E+00
1804.0 0.0000E+00
1805.0 0.0000E+00
1806.0 0.0000E+00
1807.0 0.0000E+00
1808.0 0.0000E+00
1809.0 0.0000E+00
1810.0 0.0000E+00
1811.0 0.0000E+00
1812.0 0.0000E+00
1813.0 0.0000E+00
1814.0 0.0000E+00
1815.0 0.0000E+00
1816.0 0.0000E+00
1817.0 0.0000E+00
1818.0 0.0000E+00
1819.0 0.0000E+00
1820.0 0.0000E+00
1821.0 0.0000E+00
1822.0 0.0000E+00
1823.0 0.0000E+00
1824.0 0.0000E+00
1825.0 0.0000E+00
1826.0 0.0000E+00
1827.0 0.0000E+00
1828.0 0.0000E+00
1829.0 0.0000E+00
1830.0 0.0000E+00
1831.0 0.0000E+00
1832.0 0.0000E+00
1833.0 0.0000E+00
1834.0 0.0000E+00
1835.0 0.0000E+00
1836.0 0.0000E+00
1837.0 0.0000E+00
1838.0 0.0000E+00
1839.0 0.0000E+00
1840.0 0.0000E+00
1841.0 0.0000E+00
1842.0 0.0000E+00
1843.0 0.0000E+00
1844.0 0.0000E+00
1845.0 0.0000E+00
1846.0 0.0000E+00
1847.0 0.0000E+00
1848.0 0.0000E+00
1849.0 0.0000E+00
1850.0 0.0000E+00
1851.0 0.0000E+00
1852.0 0.0000E+00
1853.0 0.0000E+00
1854.0 0.0000E+00
1855.0 0.0000E+00
1856.0 0.0000E+00
1857.0 0.0000E+00
1858.0 0.0000E+00
1859.0 0.0000E+00
1860.0 0.0000E+00
1861.0 0.0000E+00
1862.0 0.0000E+00
1863.0 0.0000E+00
1864.0 0.0000E+00
1865.0 0.0000E+00
1866.0 0.0000E+00
1867.0 0.0000E+00
1868.0 0.0000E+00
1869.0 0.0000E+00
1870.0 0.0000E+00
1871.0 0.0000E+00
1872.0 0.0000E+00
1873.0 0.0000E+00
1874.0 0.0000E+00
1875.0 0.0000E+00
1876.0 0.0000E+00
1877.0 0.0000E+00
1878.0 0.0000E+00
1879.0 0.0000E+00
1880.0 0.0000E+00
1881.0 0.0000E+00
1882.0 0.0000E+00
1883.0 0.0000E+00
1884.0 0.0000E+00
1885.0 0.0000E+00
1886.0 0.0000E+00
1887.0 0.0000E+00
1888.0 0.0000E+00
1889.0 0.0000E+00
1890.0 0.0000E+00
1891.0 0.0000E+00
1892.0 0.0000E+00
1893.0 0.0000E+00
1894.0 0.0000E+00
1895.0 0.0000E+00
1896.0 0.0000E+00
1897.0 0.0000E+00
1898.0 0.0000E+00
1899.0 0.0000E+00
1900.0 0.0000E+00
1901.0 0.0000E+00
1902.0 0.0000E+00
1903.0 0.0000E+00
1904.0 0.0000E+00
1905.0 0.0000E+00
1906.0 0.0000E+00
1907.0 0.0000E+00
1908.0 0.0000E+00
1909.0 0.0000E+00
1910.0 0.0000E+00
1911.0 0.0000E+00
1912.0 0.0000E+00
1913.0 0.0000E+00
1914.0 0.0000E+00
1915.0 0.0000E+00
1916.0 0.0000E+00
1917.0 0.0000E+00
1918.0 0.0000E+00
1919.0 0.0000E+00
1920.0 0.0000E+00
1921.0 0.0000E+00
1922.0 0.0000E+00
1923.0 0.0000E+00
1924.0 0.0000E+00
1925.0 0.0000E+00
1926.0 0.0000E+00
1927.0 0.0000E+00
1928.0 0.0000E+00
1929.0 0.0000E+00
1930.0 0.0000E+00
1931.0 0.0000E+00
1932.0 0.0000E+00
1933.0 0.0000E+00
1934.0 0.0000E+00
1935.0 0.0000E+00
1936.0 0.0000E+00
1937.0 0.0000E+00
1938.0 0.0000E+00
1939.0 0.0000E+00
1940.0 0.0000E+00
1941.0 0.0000E+00
1942.0 0.0000E+00
1943.0 0.0000E+00
1944.0 0.0000E+00
1945.0 0.0000E+00
1946.0 0.0000E+00
1947.0 0.0000E+00
1948.0 0.0000E+00
1949.0 0.0000E+00
1950.0 0.0000E+00
1951.0 0.0000E+00
1952.0 0.0000E+00
1953.0 0.0000E+00
1954.0 0.0000E+00
1955.0 0.0000E+00
1956.0 0.0000E+00
1957.0 0.0000E+00
1958.0 0.0000E+00
1959.0 0.0000E+00
1960.0 0.0000E+00
1961.0 0.0000E+00
1962.0 0.0000E+00
1963.0 0.0000E+00
1964.0 0.0000E+00
1965.0 0.0000E+00
1966.0 0.0000E+00
1967.0 0.0000E+00
1968.0 0.0000E+00
1969.0 0.0000E+00
1970.0 0.0000E+00
1971.0 0.0000E+00
1972.0 0.0000E+00
1973.0 0.0000E+00
1974.0 0.0000E+00
1975.0 0.0000E+00
1976.0 0.0000E+00
1977.0 0.0000E+00
1978.0 0.0000E+00
1979.0 0.0000E+00
1980.0 0.0000E+00
1981.0 0.0000E+00
1982.0 0.0000E+00
1983.0 0.0000E+00
1984.0 0.0000E+00
1985.0 0.0000E+00
1986.0 0.0000E+00
1987.0 0.0000E+00
1988.0 0.0000E+00
1989.0 0.0000E+00
1990.0 0.0000E+00
1991.0 0.0000E+00
1992.0 0.0000E+00
1993.0 0.0000E+00
1994.0 0.0000E+00
1995.0 0.0000E+00
1996.0 0.0000E+00
1997.0 0.0000E+00
1998.0 0.0000E+00
1999.0 0.0000E+00
2000.0 0.0000E+00
2001.0 0.0000E+00
2002.0 0.0000E+00
2003.0 0.0000E+00
2004.0 0.0000E+00
2005.0 0.0000E+00
2006.0 0.0000E+00
2007.0 0.0000E+00
2008.0 0.0000E+00
2009.0 0.0000E+00
2010.0 0.0000E+00
2011.0 0.0000E+00
2012.0 0.0000E+00
2013.0 0.0000E+00
2014.0 0.0000E+00
2015.0 0.0000E+00
2016.0 0.0000E+00
2017.0 0.0000E+00
2018.0 0.0000E+00
2019.0 0.0000E+00
2020.0 0.0000E+00
2021.0 0.0000E+00
2022.0 0.0000E+00
2023.0 0.0000E+00
2024.0 0.0000E+00
2025.0 0.0000E+00
2026.0 0.0000E+00
2027.0 0.0000E+00
2028.0 0.0000E+00
2029.0 0.0000E+00
2030.0 0.0000E+00
2031.0 0.0000E+00
2032.0 0.0000E+00
2033.0 0.0000E+00
2034.0 0.0000E+00
2035.0 0.0000E+00
2036.0 0.0000E+00
2037.0 0.0000E+00
2038.0 0.0000E+00
2039.0 0.0000E+00
2040.0 0.0000E+00
2041.0 0.0000E+00
2042.0 0.0000E+00
2043.0 0.0000E+00
2044.0 0.0000E+00
2045.0 0.0000E+00
2046.0 0.0000E+00
2047.0 0.0000E+00
2048.0 0.0000E+00
2049.0 0.0000E+00
2050.0 0.0000E+00
2051.0 0.0000E+00
2052.0 0.0000E+00
2053.0 0.0000E+00
2054.0 0.0000E+00
2055.0 0.0000E+00
2056.0 0.0000E+00
2057.0 0.0000E+00
2058.0 0.0000E+00
2059.0 0.0000E+00
2060.0 0.0000E+00
2061.0 0.0000E+00
2062.0 0.0000E+00
2063.0 0.0000E+00
2064.0 0.0000E+00
2065.0 0.0000E+00
2066.0 0.0000E+00
2067.0 0.0000E+00
2068.0 0.0000E+00
2069.0 0.0000E+00
2070.0 0.0000E+00
2071.0 0.0000E+00
2072.0 0.0000E+00
2073.0 0.0000E+00
2074.0 0.0000E+00
2075.0 0.0000E+00
2076.0 0.0000E+00
2077.0 0.0000E+00
2078.0 0.0000E+00
2079.0 0.0000E+00
2080.0 0.0000E+00
2081.0 0.0000E+00
2082.0 0.0000E+00
2083.0 0.0000E+00
2084.0 0.0000E+00
2085.0 0.0000E+00
2086.0 0.0000E+00
2087.0 0.0000E+00
2088.0 0.0000E+00
2089.0 0.0000E+00
2090.0 0.0000E+00
2091.0 0.0000E+00
2092.0 0.0000E+00
2093.0 0.0000E+00
2094.0 0.0000E+00
2095.0 0.0000E+00
2096.0 0.0000E+00
2097.0 0.0000E+00
2098.0 0.0000E+00
2099.0 0.0000E+00
2100.0 0.0000E+00
2101.0 0.0000E+00
2102.0 0.0000E+00
2103.0 0.0000E+00
2104.0 0.0000E+00
2105.0 0.0000E+00
2106.0 0.0000E+00
2107.0 0.0000E+00
2108.0 0.0000E+00
2109.0 0.0000E+00
2110.0 0.0000E+00
2111.0 0.0000E+00
2112.0 0.0000E+00
2113.0 0.0000E+00
2114.0 0.0000E+00
2115.0 0.0000E+00
2116.0 0.0000E+00
2117.0 0.0000E+00
2118.0 0.0000E+00
2119.0 0.0000E+00
2120.0 0.0000E+00
2121.0 0.0000E+00
2122.0 0.0000E+00
2123.0 0.0000E+00
2124.0 0.0000E+00
2125.0 0.0000E+00
2126.0 0.0000E+00
2127.0 0.0000E+00
2128.0 0.0000E+00
2129.0 0.0000E+00
2130.0 0.0000E+00
2131.0 0.0000E+00
2132.0 0.0000E+00
2133.0 0.0000E+00
2134.0 0.0000E+00
2135.0 0.0000E+00
2136.0 0.0000E+00
2137.0 0.0000E+00
2138.0 0.0000E+00
2139.0 0.0000E+00
2140.0 0.0000E+00
2141.0 0.0000E+00
2142.0 0.0000E+00
2143.0 0.0000E+00
2144.0 0.0000E+00
2145.0 0.0000E+00
2146.0 0.0000E+00
2147.0 0.0000E+00
2148.0 0.0000E+00
2149.0 0.0000E+00
2150.0 0.0000E+00
2151.0 0.0000E+00
2152.0 0.0000E+00
2153.0 0.0000E+00
2154.0 0.0000E+00
2155.0 0.0000E+00
2156.0 0.0000E+00
2157.0 0.0000E+00
2158.0 0.0000E+00
2159.0 0.0000E+00
2160.0 0.0000E+00
2161.0 0.0000E+00
2162.0 0.0000E+00
2163.0 0.0000E+00
2164.0 0.0000E+00
2165.0 0.0000E+00
2166.0 0.0000E+00
2167.0 0.0000E+00
2168.0 0.0000E+00
2169.0 0.0000E+00
2170.0 0.0000E+00
2171.0 0.0000E+00
2172.0 0.0000E+00
2173.0 0.0000E+00
2174.0 0.0000E+00
2175.0 0.0000E+00
2176.0 0.0000E+00
2177.0 0.0000E+00
2178.0 0.0000E+00
2179.0 0.0000E+00
2180.0 0.0000E+00
2181.0 0.0000E+00
2182.0 0.0000E+00
2183.0 0.0000E+00
2184.0 0.0000E+00
2185.0 0.0000E+00
2186.0 0.0000E+00
2187.0 0.0000E+00
2188.0 0.0000E+00
2189.0 0.0000E+00
2190.0 0.0000E+00
2191.0 0.0000E+00
2192.0 0.0000E+00
2193.0 0.0000E+00
2194.0 0.0000E+00
2195.0 0.0000E+00
2196.0 0.0000E+00
2197.0 0.0000E+00
2198.0 0.0000E+00
2199.0 0.0000E+00
2200.0 0.0000E+00
2201.0 0.0000E+00
2202.0 0.0000E+00
2203.0 0.0000E+00
2204.0 0.0000E+00
2205.0 0.0000E+00
2206.0 0.0000E+00
2207.0 0.0000E+00
2208.0 0.0000E+00
2209.0 0.0000E+00
2210.0 0.0000E+00
2211.0 0.0000E+00
2212.0 0.0000E+00
2213.0 0.0000E+00
2214.0 0.0000E+00
2215.0 0.0000E+00
2216.0 0.0000E+00
2217.0 0.0000E+00
2218.0 0.0000E+00
2219.0 0.0000E+00
2220.0 0.0000E+00
2221.0 0.0000E+00
2222.0 0.0000E+00
2223.0 0.0000E+00
2224.0 0.0000E+00
2225.0 0.0000E+00
2226.0 0.0000E+00
2227.0 0.0000E+00
2228.0 0.0000E+00
2229.0 0.0000E+00
2230.0 0.0000E+00
2231.0 0.0000E+00
2232.0 0.0000E+00
2233.0 0.0000E+00
2234.0 0.0000E+00
2235.0 0.0000E+00
2236.0 0.0000E+00
2237.0 0.0000E+00
2238.0 0.0000E+00
2239.0 0.0000E+00
2240.0 0.0000E+00
2241.0 0.0000E+00
2242.0 0.0000E+00
2243.0 0.0000E+00
2244.0 0.0000E+00
2245.0 0.0000E+00
2246.0 0.0000E+00
2247.0 0.0000E+00
2248.0 0.0000E+00
2249.0 0.0000E+00
2250.0 0.0000E+00
2251.0 0.0000E+00
2252.0 0.0000E+00
2253.0 0.0000E+00
2254.0 0.0000E+00
2255.0 0.0000E+00
2256.0 0.0000E+00
2257.0 0.0000E+00
2258.0 0.0000E+00
2259.0 0.0000E+00
2260.0 0.0000E+00
2261.0 0.0000E+00
2262.0 0.0000E+00
2263.0 0.0000E+00
2264.0 0.0000E+00
2265.0 0.0000E+00
2266.0 0.0000E+00
2267.0 0.0000E+00
2268.0 0.0000E+00
2269.0 0.0000E+00
2270.0 0.0000E+00
2271.0 0.0000E+00
2272.0 0.0000E+00
2273.0 0.0000E+00
2274.0 0.0000E+00
2275.0 0.0000E+00
2276.0 0.0000E+00
2277.0 0.0000E+00
2278.0 0.0000E+00
2279.0 0.0000E+00
2280.0 0.0000E+00
2281.0 0.0000E+00
2282.0 0.0000E+00
2283.0 0.0000E+00
2284.0 0.0000E+00
2285.0 0.0000E+00
2286.0 0.0000E+00
2287.0 0.0000E+00
2288.0 0.0000E+00
2289.0 0.0000E+00
2290.0 0.0000E+00
2291.0 0.0000E+00
2292.0 0.0000E+00
2293.0 0.0000E+00
2294.0 0.0000E+00
2295.0 0.0000E+00
2296.0 0.0000E+00
2297.0 0.0000E+00
2298.0 0.0000E+00
2299.0 0.0000E+00
2300.0 0.0000E+00
2301.0 0.0000E+00
2302.0 0.0000E+00
2303.0 0.0000E+00
2304.0 0.0000E+00
2305.0 0.0000E+00
2306.0 0.0000E+00
2307.0 0.0000E+00
2308.0 0.0000E+00
2309.0 0.0000E+00
2310.0 0.0000E+00
2311.0 0.0000E+00
2312.0 0.0000E+00
2313.0 0.0000E+00
2314.0 0.0000E+00
2315.0 0.0000E+00
2316.0 0.0000E+00
2317.0 0.0000E+00
2318.0 0.0000E+00
2319.0 0.0000E+00
2320.0 0.0000E+00
2321.0 0.0000E+00
2322.0 0.0000E+00
2323.0 0.0000E+00
2324.0 0.0000E+00
2325.0 0.0000E+00
2326.0 0.0000E+00
2327.0 0.0000E+00
2328.0 0.0000E+00
2329.0 0.0000E+00
2330.0 0.0000E+00
2331.0 0.0000E+00
2332.0 0.0000E+00
2333.0 0.0000E+00
2334.0 0.0000E+00
2335.0 0.0000E+00
2336.0 0.0000E+00
2337.0 0.0000E+00
2338.0 0.0000E+00
2339.0 0.0000E+00
2340.0 0.0000E+00
2341.0 0.0000E+00
2342.0 0.0000E+00
2343.0 0.0000E+00
2344.0 0.0000E+00
2345.0 0.0000E+00
2346.0 0.0000E+00
2347.0 0.0000E+00
2348.0 0.0000E+00
2349.0 0.0000E+00
2350.0 0.0000E+00
2351.0 0.0000E+00
2352.0 0.0000E+00
2353.0 0.0000E+00
2354.0 0.0000E+00
2355.0 0.0000E+00
2356.0 0.0000E+00
2357.0 0.0000E+00
2358.0 0.0000E+00
2359.0 0.0000E+00
2360.0 0.0000E+00
2361.0 0.0000E+00
2362.0 0.0000E+00
2363.0 0.0000E+00
2364.0 0.0000E+00
2365.0 0.0000E+00
2366.0 0.0000E+00
2367.0 0.0000E+00
2368.0 0.0000E+00
2369.0 0.0000E+00
2370.0 0.0000E+00
2371.0 0.0000E+00
2372.0 0.0000E+00
2373.0 0.0000E+00
2374.0 0.0000E+00
2375.0 0.0000E+00
2376.0 0.0000E+00
2377.0 0.0000E+00
2378.0 0.0000E+00
2379.0 0.0000E+00
2380.0 0.0000E+00
2381.0 0.0000E+00
2382.0 0.0000E+00
2383.0 0.0000E+00
2384.0 0.0000E+00
2385.0 0.0000E+00
2386.0 0.0000E+00
2387.0 0.0000E+00
2388.0 0.0000E+00
2389.0 0.0000E+00
2390.0 0.0000E+00
2391.0 0.0000E+00
2392.0 0.0000E+00
2393.0 0.0000E+00
2394.0 0.0000E+00
2395.0 0.0000E+00
2396.0 0.0000E+00
2397.0 0.0000E+00
2398.0 0.0000E+00
2399.0 0.0000E+00
2400.0 0.0000E+00
2401.0 0.0000E+00
2402.0 0.0000E+00
2403.0 0.0000E+00
2404.0 0.0000E+00
2405.0 0.0000E+00
2406.0 0.0000E+00
2407.0 0.0000E+00
2408.0 0.0000E+00
2409.0 0.0000E+00
2410.0 0.0000E+00
2411.0 0.0000E+00
2412.0 0.0000E+00
2413.0 0.0000E+00
2414.0 0.0000E+00
2415.0 0.0000E+00
2416.0 0.0000E+00
2417.0 0.0000E+00
2418.0 0.0000E+00
2419.0 0.0000E+00
2420.0 0.0000E+00
2421.0 0.0000E+00
2422.0 0.0000E+00
2423.0 0.0000E+00
2424.0 0.0000E+00
2425.0 0.0000E+00
2426.0 0.0000E+00
2427.0 0.0000E+00
2428.0 0.0000E+00
2429.0 0.0000E+00
2430.0 0.0000E+00
2431.0 0.0000E+00
2432.0 0.0000E+00
2433.0 0.0000E+00
2434.0 0.0000E+00
2435.0 0.0000E+00
2436.0 0.0000E+00
2437.0 0.0000E+00
2438.0 0.0000E+00
2439.0 0.0000E+00
2440.0 0.0000E+00
2441.0 0.0000E+00
2442.0 0.0000E+00
2443.0 0.0000E+00
2444.0 0.0000E+00
2445.0 0.0000E+00
2446.0 0.0000E+00
2447.0 0.0000E+00
2448.0 0.0000E+00
2449.0 0.0000E+00
2450.0 0.0000E+00
