5, channel 5 SRF extracted from AHI-8_SpectralResponsivity_Data.xlsx (release Sept 2013)
Number of data points:
507
Wavenumber (cm-1)   Filter response
     5963.000000       0.000521
     5964.000000       0.000521
     5965.000000       0.000520
     5966.000000       0.000520
     5967.000000       0.000522
     5968.000000       0.000538
     5969.000000       0.000559
     5970.000000       0.000586
     5971.000000       0.000611
     5972.000000       0.000639
     5973.000000       0.000668
     5974.000000       0.000699
     5975.000000       0.000731
     5976.000000       0.000764
     5977.000000       0.000796
     5978.000000       0.000827
     5979.000000       0.000857
     5980.000000       0.000886
     5981.000000       0.000910
     5982.000000       0.000931
     5983.000000       0.000949
     5984.000000       0.000965
     5985.000000       0.000978
     5986.000000       0.000989
     5987.000000       0.000997
     5988.000000       0.001001
     5989.000000       0.001001
     5990.000000       0.000999
     5991.000000       0.000998
     5992.000000       0.001003
     5993.000000       0.001051
     5994.000000       0.001114
     5995.000000       0.001192
     5996.000000       0.001264
     5997.000000       0.001341
     5998.000000       0.001420
     5999.000000       0.001499
     6000.000000       0.001579
     6001.000000       0.001659
     6002.000000       0.001735
     6003.000000       0.001802
     6004.000000       0.001861
     6005.000000       0.001919
     6006.000000       0.001988
     6007.000000       0.002077
     6008.000000       0.002181
     6009.000000       0.002294
     6010.000000       0.002407
     6011.000000       0.002522
     6012.000000       0.002643
     6013.000000       0.002768
     6014.000000       0.002900
     6015.000000       0.003036
     6016.000000       0.003178
     6017.000000       0.003324
     6018.000000       0.003477
     6019.000000       0.003632
     6020.000000       0.003789
     6021.000000       0.003940
     6022.000000       0.004083
     6023.000000       0.004231
     6024.000000       0.004387
     6025.000000       0.004561
     6026.000000       0.004747
     6027.000000       0.004947
     6028.000000       0.005167
     6029.000000       0.005412
     6030.000000       0.005678
     6031.000000       0.005963
     6032.000000       0.006269
     6033.000000       0.006604
     6034.000000       0.006957
     6035.000000       0.007321
     6036.000000       0.007704
     6037.000000       0.008106
     6038.000000       0.008515
     6039.000000       0.008915
     6040.000000       0.009300
     6041.000000       0.009696
     6042.000000       0.010112
     6043.000000       0.010595
     6044.000000       0.011127
     6045.000000       0.011707
     6046.000000       0.012310
     6047.000000       0.012946
     6048.000000       0.013615
     6049.000000       0.014328
     6050.000000       0.015088
     6051.000000       0.015900
     6052.000000       0.016760
     6053.000000       0.017670
     6054.000000       0.018624
     6055.000000       0.019633
     6056.000000       0.020689
     6057.000000       0.021792
     6058.000000       0.022945
     6059.000000       0.024144
     6060.000000       0.025404
     6061.000000       0.026722
     6062.000000       0.028110
     6063.000000       0.029561
     6064.000000       0.031105
     6065.000000       0.032761
     6066.000000       0.034548
     6067.000000       0.036420
     6068.000000       0.038394
     6069.000000       0.040470
     6070.000000       0.042667
     6071.000000       0.044942
     6072.000000       0.047289
     6073.000000       0.049706
     6074.000000       0.052217
     6075.000000       0.054840
     6076.000000       0.057638
     6077.000000       0.060611
     6078.000000       0.063727
     6079.000000       0.066941
     6080.000000       0.070302
     6081.000000       0.073807
     6082.000000       0.077457
     6083.000000       0.081233
     6084.000000       0.085126
     6085.000000       0.089217
     6086.000000       0.093494
     6087.000000       0.098128
     6088.000000       0.103079
     6089.000000       0.108264
     6090.000000       0.113675
     6091.000000       0.119239
     6092.000000       0.124963
     6093.000000       0.130846
     6094.000000       0.136813
     6095.000000       0.142780
     6096.000000       0.148885
     6097.000000       0.155166
     6098.000000       0.161712
     6099.000000       0.168604
     6100.000000       0.175724
     6101.000000       0.183121
     6102.000000       0.190801
     6103.000000       0.198813
     6104.000000       0.206987
     6105.000000       0.215303
     6106.000000       0.223677
     6107.000000       0.232156
     6108.000000       0.240728
     6109.000000       0.249413
     6110.000000       0.258194
     6111.000000       0.267067
     6112.000000       0.276072
     6113.000000       0.285217
     6114.000000       0.294508
     6115.000000       0.303927
     6116.000000       0.313545
     6117.000000       0.323415
     6118.000000       0.333554
     6119.000000       0.343809
     6120.000000       0.354095
     6121.000000       0.364419
     6122.000000       0.374819
     6123.000000       0.385246
     6124.000000       0.395656
     6125.000000       0.406063
     6126.000000       0.416523
     6127.000000       0.427038
     6128.000000       0.437681
     6129.000000       0.448444
     6130.000000       0.459264
     6131.000000       0.469967
     6132.000000       0.480499
     6133.000000       0.490916
     6134.000000       0.501240
     6135.000000       0.511484
     6136.000000       0.521582
     6137.000000       0.531608
     6138.000000       0.541583
     6139.000000       0.551635
     6140.000000       0.561770
     6141.000000       0.571915
     6142.000000       0.582054
     6143.000000       0.592133
     6144.000000       0.602188
     6145.000000       0.612184
     6146.000000       0.622101
     6147.000000       0.631843
     6148.000000       0.641476
     6149.000000       0.651027
     6150.000000       0.660519
     6151.000000       0.669955
     6152.000000       0.679362
     6153.000000       0.688758
     6154.000000       0.698201
     6155.000000       0.707754
     6156.000000       0.717326
     6157.000000       0.726894
     6158.000000       0.736448
     6159.000000       0.745990
     6160.000000       0.755451
     6161.000000       0.764829
     6162.000000       0.774001
     6163.000000       0.782988
     6164.000000       0.791861
     6165.000000       0.800663
     6166.000000       0.809682
     6167.000000       0.818689
     6168.000000       0.827361
     6169.000000       0.835469
     6170.000000       0.842463
     6171.000000       0.848999
     6172.000000       0.855374
     6173.000000       0.861827
     6174.000000       0.868569
     6175.000000       0.875493
     6176.000000       0.882598
     6177.000000       0.889982
     6178.000000       0.897800
     6179.000000       0.905828
     6180.000000       0.914048
     6181.000000       0.922466
     6182.000000       0.931336
     6183.000000       0.940079
     6184.000000       0.948493
     6185.000000       0.956355
     6186.000000       0.964028
     6187.000000       0.971025
     6188.000000       0.977281
     6189.000000       0.982866
     6190.000000       0.988217
     6191.000000       0.992328
     6192.000000       0.995341
     6193.000000       0.997264
     6194.000000       0.998894
     6195.000000       0.999717
     6196.000000       0.999913
     6197.000000       0.998253
     6198.000000       0.995251
     6199.000000       0.991694
     6200.000000       0.987732
     6201.000000       0.982832
     6202.000000       0.977328
     6203.000000       0.971407
     6204.000000       0.965424
     6205.000000       0.959147
     6206.000000       0.952729
     6207.000000       0.946215
     6208.000000       0.939729
     6209.000000       0.933145
     6210.000000       0.926648
     6211.000000       0.920285
     6212.000000       0.914169
     6213.000000       0.908189
     6214.000000       0.902388
     6215.000000       0.896767
     6216.000000       0.891284
     6217.000000       0.885900
     6218.000000       0.880835
     6219.000000       0.876066
     6220.000000       0.871548
     6221.000000       0.867212
     6222.000000       0.863473
     6223.000000       0.860255
     6224.000000       0.857319
     6225.000000       0.854744
     6226.000000       0.853071
     6227.000000       0.852230
     6228.000000       0.851782
     6229.000000       0.851412
     6230.000000       0.851123
     6231.000000       0.851138
     6232.000000       0.852245
     6233.000000       0.853957
     6234.000000       0.856034
     6235.000000       0.858241
     6236.000000       0.861009
     6237.000000       0.863903
     6238.000000       0.866795
     6239.000000       0.869667
     6240.000000       0.873029
     6241.000000       0.875399
     6242.000000       0.876856
     6243.000000       0.876781
     6244.000000       0.876582
     6245.000000       0.876358
     6246.000000       0.876075
     6247.000000       0.875075
     6248.000000       0.872892
     6249.000000       0.870293
     6250.000000       0.867531
     6251.000000       0.865206
     6252.000000       0.862847
     6253.000000       0.860227
     6254.000000       0.857219
     6255.000000       0.853524
     6256.000000       0.849274
     6257.000000       0.844442
     6258.000000       0.839097
     6259.000000       0.833243
     6260.000000       0.826869
     6261.000000       0.819934
     6262.000000       0.812397
     6263.000000       0.804127
     6264.000000       0.795422
     6265.000000       0.786280
     6266.000000       0.777082
     6267.000000       0.767937
     6268.000000       0.758614
     6269.000000       0.749080
     6270.000000       0.739343
     6271.000000       0.729399
     6272.000000       0.719204
     6273.000000       0.708723
     6274.000000       0.697819
     6275.000000       0.686473
     6276.000000       0.674852
     6277.000000       0.663079
     6278.000000       0.651279
     6279.000000       0.639372
     6280.000000       0.627448
     6281.000000       0.615622
     6282.000000       0.604175
     6283.000000       0.592952
     6284.000000       0.581904
     6285.000000       0.570955
     6286.000000       0.560062
     6287.000000       0.549244
     6288.000000       0.538545
     6289.000000       0.527954
     6290.000000       0.517579
     6291.000000       0.507374
     6292.000000       0.497280
     6293.000000       0.487159
     6294.000000       0.476965
     6295.000000       0.466705
     6296.000000       0.456399
     6297.000000       0.446081
     6298.000000       0.435731
     6299.000000       0.425355
     6300.000000       0.414967
     6301.000000       0.404619
     6302.000000       0.394265
     6303.000000       0.383911
     6304.000000       0.373622
     6305.000000       0.363544
     6306.000000       0.353726
     6307.000000       0.344119
     6308.000000       0.334637
     6309.000000       0.325293
     6310.000000       0.316015
     6311.000000       0.306819
     6312.000000       0.297715
     6313.000000       0.288748
     6314.000000       0.279924
     6315.000000       0.271241
     6316.000000       0.262635
     6317.000000       0.254104
     6318.000000       0.245622
     6319.000000       0.237196
     6320.000000       0.228842
     6321.000000       0.220563
     6322.000000       0.212346
     6323.000000       0.204182
     6324.000000       0.196126
     6325.000000       0.188188
     6326.000000       0.180379
     6327.000000       0.172663
     6328.000000       0.165158
     6329.000000       0.157840
     6330.000000       0.150723
     6331.000000       0.143835
     6332.000000       0.137212
     6333.000000       0.130897
     6334.000000       0.125033
     6335.000000       0.119483
     6336.000000       0.114128
     6337.000000       0.108946
     6338.000000       0.103848
     6339.000000       0.098884
     6340.000000       0.094059
     6341.000000       0.089330
     6342.000000       0.084679
     6343.000000       0.080131
     6344.000000       0.075721
     6345.000000       0.071497
     6346.000000       0.067532
     6347.000000       0.063762
     6348.000000       0.060155
     6349.000000       0.056760
     6350.000000       0.053624
     6351.000000       0.050693
     6352.000000       0.047906
     6353.000000       0.045192
     6354.000000       0.042514
     6355.000000       0.039891
     6356.000000       0.037363
     6357.000000       0.035030
     6358.000000       0.032888
     6359.000000       0.030903
     6360.000000       0.029025
     6361.000000       0.027291
     6362.000000       0.025684
     6363.000000       0.024192
     6364.000000       0.022789
     6365.000000       0.021479
     6366.000000       0.020237
     6367.000000       0.019060
     6368.000000       0.017949
     6369.000000       0.016919
     6370.000000       0.015956
     6371.000000       0.015049
     6372.000000       0.014207
     6373.000000       0.013419
     6374.000000       0.012692
     6375.000000       0.012019
     6376.000000       0.011390
     6377.000000       0.010800
     6378.000000       0.010242
     6379.000000       0.009718
     6380.000000       0.009224
     6381.000000       0.008751
     6382.000000       0.008299
     6383.000000       0.007861
     6384.000000       0.007448
     6385.000000       0.007055
     6386.000000       0.006690
     6387.000000       0.006348
     6388.000000       0.006029
     6389.000000       0.005727
     6390.000000       0.005454
     6391.000000       0.005203
     6392.000000       0.004972
     6393.000000       0.004751
     6394.000000       0.004537
     6395.000000       0.004324
     6396.000000       0.004115
     6397.000000       0.003922
     6398.000000       0.003752
     6399.000000       0.003609
     6400.000000       0.003483
     6401.000000       0.003359
     6402.000000       0.003236
     6403.000000       0.003103
     6404.000000       0.002968
     6405.000000       0.002835
     6406.000000       0.002703
     6407.000000       0.002572
     6408.000000       0.002440
     6409.000000       0.002314
     6410.000000       0.002196
     6411.000000       0.002087
     6412.000000       0.001988
     6413.000000       0.001895
     6414.000000       0.001810
     6415.000000       0.001737
     6416.000000       0.001671
     6417.000000       0.001610
     6418.000000       0.001550
     6419.000000       0.001488
     6420.000000       0.001426
     6421.000000       0.001363
     6422.000000       0.001303
     6423.000000       0.001243
     6424.000000       0.001182
     6425.000000       0.001122
     6426.000000       0.001070
     6427.000000       0.001028
     6428.000000       0.000993
     6429.000000       0.000959
     6430.000000       0.000939
     6431.000000       0.000931
     6432.000000       0.000938
     6433.000000       0.000952
     6434.000000       0.000962
     6435.000000       0.000969
     6436.000000       0.000961
     6437.000000       0.000942
     6438.000000       0.000919
     6439.000000       0.000894
     6440.000000       0.000871
     6441.000000       0.000850
     6442.000000       0.000827
     6443.000000       0.000804
     6444.000000       0.000782
     6445.000000       0.000760
     6446.000000       0.000738
     6447.000000       0.000716
     6448.000000       0.000693
     6449.000000       0.000669
     6450.000000       0.000645
     6451.000000       0.000622
     6452.000000       0.000601
     6453.000000       0.000580
     6454.000000       0.000561
     6455.000000       0.000542
     6456.000000       0.000523
     6457.000000       0.000501
     6458.000000       0.000478
     6459.000000       0.000461
     6460.000000       0.000450
     6461.000000       0.000446
     6462.000000       0.000443
     6463.000000       0.000441
     6464.000000       0.000440
     6465.000000       0.000440
     6466.000000       0.000441
     6467.000000       0.000442
     6468.000000       0.000443
     6469.000000       0.000440
